#vertex_ID
#Mincurvature
#MincurvatureDirection
#Maxcurvature
#MaxcurvatureDirection
0
1.2385202895483429e+000
5.0317205438604007e-001 8.0724416577381441e-001 3.0850403645506874e-001
4.4493026841798988e+000
-8.2415325936112160e-001 3.4084896936276360e-001 4.5232000306064485e-001
1
1.5208417249468362e+000
5.3814890349265643e-001 7.8473538960839351e-001 3.0754857496957189e-001
3.1712406330613034e+000
-8.1437646730814162e-001 3.9007493677934080e-001 4.2968885625683240e-001
2
1.3539993049708723e+000
6.4703801907116087e-001 7.3166217470904027e-001 2.1450469453255669e-001
3.7647287428335403e+000
-7.3127135419706035e-001 5.1586913166682347e-001 4.4623003655526694e-001
3
1.5818643093952951e+000
8.8518505486297916e-001 4.5432387719869477e-001 1.0018599330430397e-001
3.0512005807435272e+000
4.5080789610352534e-001 -7.8438523407065375e-001 -4.2604230468656368e-001
4
1.2581402741726335e+000
8.8687817393427459e-001 4.4831163307716665e-001 1.1164131962087656e-001
2.8374313859262199e+000
4.5038099200166842e-001 -7.8508495598925010e-001 -4.2520415558052899e-001
5
1.0841988871358592e+000
6.8532797582191540e-001 6.9207622441311256e-001 2.2661876612038789e-001
1.4817903702272681e+000
-7.2131130228633833e-001 6.0230026061632436e-001 3.4197134566436138e-001
6
1.5657208938583664e+000
9.0719325372032367e-001 4.1625912317352592e-001 6.1063432421862851e-002
2.7853032706870433e+000
3.9605997634906731e-001 -7.9603180671487062e-001 -4.5767877144634428e-001
7
1.7493316178610459e+000
9.4569194081537877e-001 3.2351004055030669e-001 3.1749121877326911e-002
2.6944741781846551e+000
2.9896841555655673e-001 -8.2727157692902853e-001 -4.7564653315772260e-001
8
8.8467715388025359e-001
6.5639759075158211e-001 7.2389072465715665e-001 2.1242509647133315e-001
1.9195256861494274e+000
-7.3637756512366626e-001 5.5357561297790647e-001 3.8897573484560150e-001
9
1.0091216700733208e+000
8.9301482702804114e-001 4.4709433917928643e-001 5.1294937195739271e-002
2.4167182082077883e+000
4.1938574621234453e-001 -7.8544801909174822e-001 -4.5517799285418409e-001
10
6.0072962724814583e-001
6.2876000813991717e-001 7.4308452501793532e-001 2.2909875783766459e-001
1.6250097571981272e+000
-7.6319108500806720e-001 5.3326492122978641e-001 3.6492176086114525e-001
11
7.8143183159522045e-001
8.6024082887117465e-002 9.1704788045704699e-001 3.8938803539999517e-001
2.8638154791049262e+000
-9.7338772868667423e-001 -5.9635658098942806e-003 2.2908680783717847e-001
12
7.4724838572919405e-001
6.2008260717453134e-002 9.2210850874750550e-001 3.8193045662561137e-001
2.8323286955412961e+000
-9.7606556702033798e-001 -2.3895084350324163e-002 2.1615974144404737e-001
13
6.4656735408138655e-001
-4.8545942612466815e-002 9.0927590825536708e-001 4.1335289296464839e-001
5.1774474553367957e+000
-9.6267064125891189e-001 -1.5292459177244130e-001 2.2333675400477085e-001
14
1.0935249784018481e+000
6.2916461893387676e-001 7.4993052733782539e-001 2.0434306068129732e-001
2.7414461086839284e+000
-7.4933342105716905e-001 5.1536127010066712e-001 4.1581508554522889e-001
15
9.6722936572068563e-001
5.7458834613005683e-001 7.8678393246253253e-001 2.2543131129086552e-001
3.4804351760547343e+000
-7.8864642632320436e-001 4.5860905494631221e-001 4.0952966799597001e-001
16
1.2705506629393908e+000
6.0543997470359956e-001 7.6330029895699592e-001 2.2542202785678556e-001
4.2032867381401102e+000
-7.5991225451888567e-001 4.7020389099420296e-001 4.4882253321990895e-001
17
6.7251084929554905e-001
3.0959605937981216e-001 8.9056445851298605e-001 3.3323448988657173e-001
1.9111701464223616e+000
-9.3218223993969629e-001 2.1512847258780721e-001 2.9112885776413033e-001
18
5.0665467974217715e-001
1.8092031752370497e-001 9.1298187157478128e-001 3.6569378020815602e-001
1.6559981246733095e+000
-9.6964914062938534e-001 1.0340493965511223e-001 2.2155803422944659e-001
19
5.2660087243762366e-001
2.3458916766381568e-001 9.0759112005147036e-001 3.4820436702964530e-001
1.7188478590236613e+000
-9.5450751837462333e-001 1.4723224122917938e-001 2.5930303605810556e-001
20
1.5222050997409284e+000
7.6820416405249237e-001 6.1553657121503946e-001 1.7600310176029249e-001
2.8261951041681042e+000
6.1493927339408727e-001 -6.3298417116820616e-001 -4.7029855314262986e-001
21
1.6214521465998768e+000
8.8958805326067825e-001 4.4890733875430067e-001 8.4352218159381487e-002
2.6761889311273350e+000
4.2400136673210836e-001 -7.4289685054875243e-001 -5.1800300236007168e-001
22
1.1783089748606037e+000
9.4503884312829423e-001 3.2695255534626910e-001 -1.9004029256314559e-003
2.5248355839311345e+000
2.8550474575162510e-001 -8.2804086390608678e-001 -4.8253017299953471e-001
23
5.0417214242374686e-001
3.3429072604920695e-001 8.8131151887776504e-001 3.3397562361774308e-001
1.4517111551777651e+000
-9.3025451684453364e-001 2.5167786559887645e-001 2.6699210823156694e-001
24
7.8086394435296536e-001
2.6127638014519289e-001 8.9818128391348095e-001 3.5356051024648572e-001
1.8775605235176704e+000
-9.5047513349480317e-001 1.7552209580361569e-001 2.5649369289076573e-001
25
-3.8071597473517527e-001
3.3249569142152546e-002 9.2688416656204176e-001 3.7387191379996781e-001
1.1328328405122359e+000
-9.9381020587828628e-001 -9.0121900898722032e-003 1.1072513319902767e-001
26
-5.6203487430921339e-001
3.5340995181775622e-002 9.2185896450157634e-001 3.8591069384981169e-001
1.2892853226470335e+000
-9.9409978372119512e-001 -7.1971907543733199e-003 1.0823040446527976e-001
27
-6.6496459650954076e-001
3.4385090836914888e-003 9.2273554748015973e-001 3.8541832607151899e-001
1.6802669465055802e+000
-9.9167090499028476e-001 -4.6477395411054161e-002 1.2011939023968923e-001
28
7.9624341856270275e-001
3.9425827588968670e-001 8.6764394534476574e-001 3.0290988098617883e-001
3.3841736742895034e+000
-8.9287008087190922e-001 2.8360371224345110e-001 3.4978844046869834e-001
29
5.4785050317113770e-001
3.9598499965464468e-001 8.6760966361185798e-001 3.0074798695224769e-001
1.8459906909177461e+000
-8.9541303585044485e-001 2.9223592231508855e-001 3.3590722072878898e-001
30
-8.2781575048585876e-001
-3.2462228127035385e-002 9.1830604849259378e-001 3.9453796401226882e-001
1.3831474225749842e+000
-9.8350260732932226e-001 -9.9634401203205020e-002 1.5098214289545531e-001
31
-5.0498683653925758e-001
-6.2280924242590505e-002 9.2213960901811742e-001 3.8181098459237933e-001
1.4958587289924785e+000
-9.8184690364969363e-001 -1.2527975100360128e-001 1.4241362920024453e-001
32
-7.2051103968433350e-001
-5.1182570701240118e-002 9.2094096717000673e-001 3.8632638978509498e-001
1.6621823444132737e+000
-9.8620142898894914e-001 -1.0759046331943617e-001 1.2582143562550671e-001
33
-5.8288821509942357e-002
5.7586698467409526e-002 9.2835058374721913e-001 3.6721787240794984e-001
8.3856278242622806e-001
-9.9424417471212156e-001 2.0042952551884263e-002 1.0524638285478261e-001
34
6.8431656691229248e-002
1.5216191379939076e-001 9.2202443233355447e-001 3.5597429425296001e-001
9.4619054855296514e-001
-9.8393665965533783e-001 1.0729514605016868e-001 1.4267586137945143e-001
35
3.8819421187848852e-001
1.9273506497690837e-001 9.1212293008760026e-001 3.6178025808045022e-001
1.2478667747011096e+000
-9.7471035329727518e-001 1.3546484178942683e-001 1.7773295646577753e-001
36
4.6544864513831696e-001
1.9976652866006661e-001 9.1077889469396256e-001 3.6135182164637036e-001
1.4804864429701570e+000
-9.6993582192736605e-001 1.3149698390936337e-001 2.0477559562805617e-001
37
3.2669019155111889e-001
3.1504930892268390e-001 8.8645339482329810e-001 3.3903438137390873e-001
1.4756316988818843e+000
-9.3957134711569623e-001 2.4088721107366490e-001 2.4326741504021321e-001
38
7.2289056595429435e-001
7.4535842432029736e-002 9.2626067118589972e-001 3.6943954472578350e-001
4.6488389611385728e+000
-9.6241100745129504e-001 -3.0209650866062920e-002 2.6991189253371933e-001
39
-6.1842962592299378e-002
-1.0484546318562088e-001 9.1693782967434578e-001 3.8500966917922130e-001
1.5898009188637614e+000
-9.8165402277387837e-001 -1.5741899259604780e-001 1.0758550247086156e-001
40
2.8538248627117702e-001
1.1713299048265974e-001 9.1808049412917814e-001 3.7869257827440123e-001
9.0253183996338671e-001
-9.8833502290425823e-001 7.0389497458078765e-002 1.3505258660402822e-001
41
4.1786369177097810e-001
1.4614226061595731e-001 9.1844998229819041e-001 3.6754873102557606e-001
8.2749009494039161e-001
-9.8477007812960426e-001 9.9692684718886204e-002 1.4244037992842387e-001
42
3.8561643969739612e-001
-6.6505913248100082e-002 9.2168970895994551e-001 3.8218456784695942e-001
1.6262155082977556e+000
-9.8242220277898828e-001 -1.2744602735478466e-001 1.3639694130868260e-001
43
4.0289401945710945e-001
9.5755398849057573e-004 9.2603738743358044e-001 3.7743057661714213e-001
1.4730787495903117e+000
-9.8907930317412751e-001 -5.4749170593701060e-002 1.3683808078120746e-001
44
6.7354588401882565e-001
9.2189358325302520e-002 9.2504688793762968e-001 3.6849610218898554e-001
1.6768644458708004e+000
-9.8038433717419349e-001 1.9578892222889652e-002 1.9612041811815881e-001
45
5.2627168290508031e-001
1.6689236040482755e-001 9.1799418048538439e-001 3.5976884889255317e-001
1.5071257988555735e+000
-9.7348484748862663e-001 9.5521429050745704e-002 2.0785309307813771e-001
46
3.5159781717232474e-001
-4.7639411527825713e-002 9.1811918833444106e-001 3.9343060694535403e-001
6.1116130038725858e-001
-9.9492472594771064e-001 -7.8564728951820512e-002 6.2867901687588074e-002
47
-4.7964492454987662e-001
1.9404275326529066e-002 9.1815201523999534e-001 3.9575289134734964e-001
1.5081085675623744e+000
-9.9222960460685672e-001 -3.0971211322261022e-002 1.2050392446286699e-001
48
-6.9998696453882014e-001
1.1642466311075931e-002 9.1915699579911714e-001 3.9371927823226704e-001
1.7852734137148791e+000
-9.8800303311131266e-001 -5.0064713991610256e-002 1.4609425373978491e-001
49
1.4966128003253820e-001
4.2693763805727369e-002 9.2798387762458834e-001 3.7016640231243786e-001
1.3373285436129025e+000
-9.9220997392304588e-001 -4.0183399850695842e-003 1.2451192951437552e-001
50
4.6095482280046862e-001
1.3705255269769551e-001 9.1989587297429010e-001 3.6743459374957427e-001
1.1634406374408148e+000
-9.8702898174139841e-001 9.5512143632678681e-002 1.2903960485536622e-001
51
2.8602629016693321e-001
3.9781544666125129e-001 8.6260146966868145e-001 3.1250851976088662e-001
5.8733592457615691e-001
-9.1319814108221264e-001 3.3947222009391931e-001 2.2545014284425935e-001
52
-6.8921791034445357e-001
-3.6430579477520846e-003 9.1694724518351811e-001 3.9899182658188159e-001
1.2954282940994397e+000
-9.8180313397474817e-001 -7.9035984840252954e-002 1.7267286763615675e-001
53
-3.8031644564759659e-001
3.3260421102669524e-002 9.1716501907765280e-001 3.9711720205546630e-001
1.4542078995619430e+000
-9.8440742876088749e-001 -3.8607246512747537e-002 1.7161437794393047e-001
54
-1.6507977459234302e-001
-2.0602595743666144e-001 8.8708532269075979e-001 4.1307739605180210e-001
1.7780871611868379e+000
-9.7269819128137269e-001 -2.3173619053936956e-001 1.2512660478382273e-002
55
3.7978001371037351e-003
-1.3582474804595326e-001 9.0198682522105800e-001 4.0984314675969657e-001
1.2676923278732992e+000
-9.8284163655423751e-001 -1.7478109405698061e-001 5.8939686253265032e-002
56
4.4159201102198370e-001
1.1465312482689759e-001 9.2298914464443949e-001 3.6734956082177950e-001
1.4245096283983771e+000
-9.8516098093473503e-001 5.8098966184391400e-002 1.6150031508333315e-001
57
3.3179208716963804e-001
1.6360340820804997e-001 9.1905695624672934e-001 3.5856413094062811e-001
9.7364858259150089e-001
-9.8131699117334881e-001 1.1430780529160059e-001 1.5476009977996086e-001
58
1.1873652868921543e+000
6.6134107023519351e-001 7.1501627695648973e-001 2.2667093441252983e-001
2.3203554872400076e+000
-7.3987533097355995e-001 5.7214933724933181e-001 3.5387798815681609e-001
59
-5.6254457149249870e-001
-4.1040425996789788e-003 9.1744931156891774e-001 3.9783151903294323e-001
1.3740941403924234e+000
-9.9459242387633007e-001 -4.5030262929689681e-002 9.3585179319644926e-002
60
1.1109899128082052e+000
1.2935932010045659e-001 8.6401590659888161e-001 4.8656210235411856e-001
2.7947359243801868e+000
-9.6095687318533429e-001 -1.1804812021131580e-002 2.7644625931817446e-001
61
1.7887710430861277e+000
9.6294622224541393e-001 -1.3711134838961470e-002 -2.6934471935553861e-001
5.8449454889122556e+000
-1.5430012369219173e-001 -8.4711052784013485e-001 -5.0852259089541230e-001
62
1.6693458162251182e+000
6.7230986104843449e-001 6.9449798713887489e-001 2.5626548069743199e-001
2.6651657495579917e+000
-7.1179335821765022e-001 5.1138448406911319e-001 4.8149363926287386e-001
63
-4.8156239933843104e-002
1.0279652290118828e-001 9.1703443517849148e-001 3.8533196023207061e-001
1.5126059540075671e+000
-9.8260350248206385e-001 3.3380938628532239e-002 1.8269118710616186e-001
64
-1.9014177611432270e-001
5.2619136914448250e-002 9.1769436414852534e-001 3.9378710039869547e-001
1.5727475673440559e+000
-9.8819182559745056e-001 -8.9739973727461786e-003 1.5295876304916972e-001
65
-3.0689988467911600e-002
3.0543523888886731e-001 8.9358073832943630e-001 3.2897230724108023e-001
1.3290854852409275e+000
-9.4858674972260859e-001 2.5541499044050742e-001 1.8693945787065031e-001
66
-2.7582637213114913e-001
4.9701929578562981e-002 9.1708854503363701e-001 3.9557340502649335e-001
1.3307580868725910e+000
-9.8211565923824151e-001 -2.7137273366630542e-002 1.8631264120627694e-001
67
-7.7019782044549256e-001
-5.0015945944563510e-002 9.1979302186881950e-001 3.8920329144637988e-001
1.7587456885972212e+000
-9.7775420887637077e-001 -1.2457461994879324e-001 1.6875387725665941e-001
68
-6.1663680616374461e-001
-1.0141652564695849e-001 9.0666813777901356e-001 4.0947231440237220e-001
2.6446569467151519e+000
-9.7211350092927251e-001 -1.7779752228624510e-001 1.5291625937062758e-001
69
-1.9439277431262258e-001
-3.3351344674162259e-002 9.2482481152128215e-001 3.7892843097747431e-001
1.6171369443152570e+000
-9.9039053249981002e-001 -8.1497152582910154e-002 1.1173543419891792e-001
70
2.8309645893798452e-001
2.4990160525764643e-001 8.9909436386245911e-001 3.5941412404135059e-001
1.3045432131634505e+000
-9.6257810378931008e-001 1.9049029659073774e-001 1.9276109828009624e-001
71
-4.1701873029549308e-003
7.9833789691196207e-003 9.3046877785706816e-001 3.6628420535618172e-001
2.0377033342561708e+000
-9.7959522921417386e-001 -6.6285417835722379e-002 1.8973515826850318e-001
72
5.9668096218799360e-001
7.4973138523347277e-002 9.3200652065551060e-001 3.5460241673678461e-001
3.8163605801884994e+000
-9.6681833018343732e-001 -1.9150277566989490e-002 2.5474611535883684e-001
73
7.2979601710981368e-001
5.3878940920470575e-002 9.2850412163855445e-001 3.6739237311831197e-001
2.5599710997634384e+000
-9.7758447634809553e-001 -2.5946323366405399e-002 2.0893869892144543e-001
74
3.0480730078287421e-001
2.0276272411491389e-001 9.0830074678527484e-001 3.6589210308342429e-001
1.5071919960280076e+000
-9.7250928624134814e-001 1.4309043410988326e-001 1.8371395113215663e-001
75
4.5805802275504970e-001
3.9174998005286982e-001 8.6180804682448608e-001 3.2220931637235578e-001
1.8137965573643231e+000
-9.1089712462124095e-001 3.1395138822273561e-001 2.6777033851749321e-001
76
1.0614330228107909e+000
8.5901467090806083e-001 5.0361447324361674e-001 9.2012268226961222e-002
2.3877101812242296e+000
4.9031388404062587e-001 -7.5761377555747322e-001 -4.3082904057473470e-001
77
1.1898686308498334e+000
5.5330972796618005e-001 7.9305925307459335e-001 2.5476531563531135e-001
2.5981651222712210e+000
-8.1183166711542665e-001 4.4494899905869795e-001 3.7808693776068181e-001
78
1.2790090464705581e+000
5.4615292937977655e-001 7.9811081869992162e-001 2.5443289646590433e-001
5.1356367140384798e+000
-7.9060683689659805e-001 3.9071713880440018e-001 4.7146680360006177e-001
79
1.3718760617107792e+000
7.2225582244461306e-001 6.6727299318408406e-001 1.8191558347763595e-001
3.1088877493104627e+000
6.6682369985090151e-001 -6.0202921103772522e-001 -4.3921177394788596e-001
80
1.5902495158186447e+000
1.6607133840706942e-001 9.1179533132729929e-001 3.7556568577204358e-001
3.6712303026565767e+000
-9.5429331046611698e-001 5.2631295570717745e-002 2.9420099307474679e-001
81
7.5638876456867532e-001
-2.6877070945359827e-001 8.4385715919235504e-001 4.6440004373343635e-001
4.9738542269341623e+000
-9.1710107919186490e-001 -3.7157653605562158e-001 1.4441775651914215e-001
82
-6.5571633238329641e-001
-1.3421666355489864e-002 9.2322185374796084e-001 3.8403289915633587e-001
8.8746494522816333e-001
-9.9588346110884696e-001 -4.6774718303263130e-002 7.7641854804699026e-002
83
2.3491606638237450e-001
3.3405103277317988e-001 8.7821509821123456e-001 3.4226911747483690e-001
6.4559159424711854e-001
-9.3789822589900629e-001 2.7365871916462370e-001 2.1320840340069691e-001
84
-7.7913675085487311e-001
-5.3395562487892664e-002 9.1975142849159119e-001 3.8885244462942392e-001
2.0948963612460481e+000
-9.7188181059050516e-001 -1.3729876843182734e-001 1.9129765923927292e-001
85
-2.8699990362002237e-001
-5.4139603778882557e-002 9.2433230426768398e-001 3.7772833437519471e-001
3.0099972198258111e+000
-9.7132317904226562e-001 -1.3645846685351129e-001 1.9470585168200813e-001
86
8.4092228869846197e-001
6.5428048805906336e-001 7.3884936719975547e-001 1.6130299294717115e-001
4.0641208426934163e+000
-7.0339297913880983e-001 5.1620358344382367e-001 4.8864320044177961e-001
87
1.1351084829723321e+000
5.5156935350917013e-001 8.0025374865497578e-001 2.3529807911059344e-001
4.3318597119880131e+000
-7.9600925584985727e-001 4.2068389018194907e-001 4.3519458767629282e-001
88
5.7725518299799683e-001
-7.2473125498474872e-002 9.2189538528647264e-001 3.8060024260106357e-001
5.9372851834242688e+000
-9.5767636013183899e-001 -1.7090799767878417e-001 2.3161702349797336e-001
89
1.4786897403686541e+000
9.5454840654743711e-001 2.9805353071632640e-001 -1.1968229945909514e-003
2.3927063601397482e+000
2.5726995468659991e-001 -8.2594885793668404e-001 -5.0161803644669933e-001
90
2.0538856020210408e+000
-3.6704651575253244e-001 7.8239830929686771e-001 5.0312000644312405e-001
2.4295423345157903e+000
-9.2005255003541009e-001 -3.8503915515308190e-001 -7.2444145190209183e-002
91
1.0628928542110185e+000
4.0529531291304444e-001 8.3523073175348805e-001 3.7165216811590185e-001
6.6702626090970796e+000
-8.6586964412435785e-001 2.2030490299523500e-001 4.4914976244034488e-001
92
2.1202010101950575e+000
9.8188267614365565e-001 7.5420551935918359e-002 -1.7383368670845847e-001
3.6719400056087221e+000
-3.1287522210034509e-002 -8.4025762109775715e-001 -5.4128386373611270e-001
93
2.3710707816803822e-001
9.4014792473416750e-002 9.2419963663944660e-001 3.7015706184225983e-001
8.8516054854588901e+000
-9.3810849196581536e-001 -4.2249767249712397e-002 3.4375487555665057e-001
94
1.4190305284271525e+000
6.1962230266560325e-001 7.5307335748740978e-001 2.2124357681527271e-001
6.5019378321221470e+000
-7.2206996748442198e-001 4.3640461007057041e-001 5.3681093353824250e-001
95
7.1035841238873099e-001
7.6879665164649835e-002 9.3073185306932926e-001 3.5753004736148186e-001
6.1417706550642528e+000
-9.5034551670547973e-001 -4.0048839367759867e-002 3.0860895862416260e-001
96
2.3304886320285654e+000
7.8007584753082415e-001 6.2388948344381989e-001 4.7366491819325507e-002
3.3457977683251352e+000
5.6248261664305366e-001 -6.6610936867338666e-001 -4.8980773262569688e-001
97
1.9387814973001862e+000
9.8448154372072005e-001 1.4565630884368752e-001 -9.7879159003847416e-002
2.3369958712247998e+000
7.2734046105140018e-002 -8.4626353604598659e-001 -5.2777626518830756e-001
98
1.5977747214974320e+000
9.8387734737532950e-001 1.5606871969944627e-001 -8.7337964557577627e-002
2.8925049380869616e+000
8.8201606058490103e-002 -8.4825711618303301e-001 -5.2218803273681735e-001
99
1.2492373669422998e+000
9.6070756968319415e-001 -1.5492379175273474e-001 -2.3030324422892096e-001
3.5752734562743509e+000
-2.4553719196518989e-001 -8.6127330531262891e-001 -4.4488176060354345e-001
100
2.3618638672269032e+000
5.0921247082882282e-001 7.8778642156754020e-001 3.4654756318031621e-001
3.1965613364764929e+000
-8.5286096784579501e-001 4.0787438417416189e-001 3.2598566879493707e-001
101
9.4649342918638690e-001
9.7667664990152492e-001 2.1458752957413166e-001 -7.4103770757740772e-003
1.2563362895253578e+000
1.9262067214044895e-001 -8.9090091905705493e-001 -4.1133055938922980e-001
102
-5.1010967202533175e-002
4.8289859187858684e-002 9.2835721423917772e-001 3.6853896981145723e-001
1.1642993110966169e+000
-9.9555639414134367e-001 1.4871995389780762e-002 9.2985428091783034e-002
103
-6.2704022210813370e-001
1.3066855753157272e-001 9.1845311039950861e-001 3.7332239695749081e-001
1.6031668956313583e+000
-9.8732274814725063e-001 8.6325988020088104e-002 1.3319765306985062e-001
104
-5.3277701529301935e-001
8.9932030412023370e-002 9.1910690556247066e-001 3.8360751563720791e-001
2.0415327977533089e+000
-9.9206668611519599e-001 4.8699068526170751e-002 1.1589689825485600e-001
105
-7.7014092364439568e-001
-4.8703145066464788e-002 9.1030478972596207e-001 4.1106349079261129e-001
2.5729300150451224e+000
-9.7811493336229671e-001 -1.2681718528315400e-001 1.6495023082896260e-001
106
-1.1208027099219269e+000
-1.1424671434476605e-002 9.1726942866165451e-001 3.9810334352443760e-001
2.2161864741382726e+000
-9.7441887788109405e-001 -9.9578295728669622e-002 2.0147459752714089e-001
107
-7.8367347264705689e-001
-1.3988055301556879e-003 9.2790463322204020e-001 3.7281501443498766e-001
1.1986688012682674e+001
-9.6641868629357464e-001 -9.7056389196762058e-002 2.3793902601021125e-001
108
-8.6840014547604927e-001
-1.0862684762699033e-001 9.1239854789806607e-001 3.9462526245556445e-001
1.4922195538349705e+001
-9.4909166204833229e-001 -2.1326370868106320e-001 2.3182667575137414e-001
109
4.8240807538768360e-001
1.8364147068984565e-001 9.2856589569619197e-001 3.2255416226240124e-001
5.5265226986500764e+000
-9.4010937700487085e-001 7.0042721230521215e-002 3.3359912540373510e-001
110
6.2706062510921257e-001
1.7408145648166989e-001 9.2561222531275433e-001 3.3606198068331289e-001
8.4580700429117268e+000
-9.3225960660762297e-001 4.4996434280835051e-002 3.5898098388328381e-001
111
-8.8480542400462880e-002
-1.4966571587715513e-001 8.8847207429110087e-001 4.3384046226216311e-001
8.5879906279381810e+000
-9.3053907948878822e-001 -2.7488918201773849e-001 2.4193585751966795e-001
112
1.3867043562475034e+000
4.1983700439196475e-001 8.4969591398902056e-001 3.1898862596265815e-001
1.0802362850572909e+001
-8.4833323350175027e-001 2.4246207009784604e-001 4.7068340686743149e-001
113
7.6771818900292566e-001
4.7274567411237034e-001 8.1973940294199421e-001 3.2332466480666705e-001
5.5070000074894478e+000
-8.2668383353077313e-001 2.8551634534204018e-001 4.8484456882736138e-001
114
1.3124342285106820e+000
8.8400522238819379e-001 4.5692032374215341e-001 9.8785548243485899e-002
3.4419759147089808e+000
4.3125482526285114e-001 -7.1553287520851749e-001 -5.4957436274205884e-001
