#vertex_ID
#Mincurvature
#MincurvatureDirection
#Maxcurvature
#MaxcurvatureDirection
0
-6.4494962243260956e-002
1.1534093969108301e-001 3.9325835166544909e-001 -9.1216464329448310e-001
6.3336172471191210e-001
-2.5257854043805913e-002 -9.1683534097595509e-001 -3.9846580574323509e-001
1
-2.3746958315762928e-001
1.0913782824995528e-001 2.6161936247162815e-001 -9.5898083590070882e-001
7.9749070336619754e-001
-5.4437383095473940e-002 -9.6172275307606525e-001 -2.6856268828247576e-001
2
-6.6257626347670684e-002
1.0777740975809995e-001 2.1050077329577921e-001 -9.7163442425004365e-001
7.3806119842877460e-001
-5.8613187781887829e-002 -9.7428189261009601e-001 -2.1757593605482839e-001
3
-6.6100358048970276e-001
-1.4729475667516683e-002 7.8731421724138317e-001 -6.1637599391617126e-001
2.7455517500540410e+000
-1.7021298009991713e-002 6.1615610914621477e-001 7.8744010856436142e-001
4
-9.4344447909885532e-001
-2.6150486029186189e-002 7.7033771862670142e-001 -6.3709964004184350e-001
2.5142923538286874e+000
2.6043651888156615e-002 6.3762627029379459e-001 7.6990549265968578e-001
5
-1.2304107485716438e+000
-4.4054259872489520e-003 7.1212523748137735e-001 -7.0203863025047519e-001
2.2788154590363701e+000
2.3714724603613242e-002 7.0192239986979510e-001 7.1185852274030015e-001
6
-1.5417099471269320e+000
3.3089330867685840e-002 9.0505050308756363e-001 -4.2401495615564871e-001
1.9034278367031412e+000
-1.4046457029923751e-001 4.2424770466759149e-001 8.9458570834489104e-001
7
-1.6828806604261577e+000
5.7292573626793887e-002 9.2296290780306733e-001 -3.8060088258821029e-001
1.2292943108139736e+000
-1.2539551333203344e-001 3.8486065160380184e-001 9.1441688746615601e-001
8
-1.8742032346636301e+000
5.7817824538969220e-002 9.4387554957925957e-001 -3.2520154684753805e-001
1.7464318819875901e+000
-1.4858069555489800e-001 3.3025424941244447e-001 9.3212440567418131e-001
9
-1.0003259786401024e+000
6.3980817526872093e-003 6.5994136335449671e-001 -7.5128986515438512e-001
2.6027569908766108e+000
6.2407179772094737e-003 -7.5131696333097875e-001 -6.5991201993163107e-001
10
-6.9776410328605287e-001
2.2013605105443458e-003 6.6998010670342545e-001 -7.4237578801680337e-001
3.0102612189232882e+000
5.0161541736263485e-002 -7.4151699808971760e-001 -6.6905632145183058e-001
11
-2.6879692317070636e-001
-5.3969824946254574e-002 9.3608607827338375e-001 -3.4760626009614187e-001
2.9487683693786524e+000
-2.9356865185153413e-001 3.1785465240272032e-001 9.0154637517768221e-001
12
-4.4199634162559409e-001
-7.0978518344338354e-002 9.4485274777762374e-001 -3.1971133065738638e-001
2.8661460184507765e+000
-2.5533620987218092e-001 2.9262988677375545e-001 9.2150483953959184e-001
13
-8.0327686033522627e-001
-4.2804036797970610e-002 9.2486364569313007e-001 -3.7788232468456373e-001
2.8879984044458098e+000
-2.4478666392955084e-001 3.5699227228043634e-001 9.0146325864912080e-001
14
-2.5147057196548426e+000
5.5311047813625322e-003 9.6612087287423576e-001 -2.5803074599090370e-001
2.3393038898683267e+000
-2.5131544147942186e-001 2.5109587269551431e-001 9.3476810578307656e-001
15
-2.3882301979684226e+000
4.3677452483655385e-002 9.8114918169488918e-001 -1.8825133041757630e-001
2.0402390776153960e+000
-2.3637438490069243e-001 1.9323001840957485e-001 9.5225485567061030e-001
16
-2.5341050239204250e+000
4.6517233137231599e-002 9.7404081598618852e-001 -2.2154149907910448e-001
2.5200703591020668e+000
-2.7442952839329809e-001 2.2570921294247515e-001 9.3474263042760630e-001
17
-4.5736966291128123e-001
1.0293406295941301e-001 9.4836340644006900e-001 -3.0001904607550550e-001
1.0756510185382804e+000
-1.2686696351083759e-001 3.1167505758574332e-001 9.4168117324732792e-001
18
4.4716720055320791e-001
7.4396611119771000e-002 9.9230393281410656e-001 -9.8985095724308456e-002
1.0696207984004746e+000
-1.3888408146521408e-001 1.0860287632527947e-001 9.8433562729865653e-001
19
-7.7605867066103285e-002
1.0315394602054151e-001 9.5379821649497221e-001 -2.8218473670877631e-001
1.2465058781797109e+000
-1.3977382089120169e-001 2.9478309415338161e-001 9.4528630921791790e-001
20
-1.2860500087707516e-001
1.0669765096792380e-001 9.4692990098063945e-001 -3.0321506213696575e-001
2.9892656789912202e+000
-2.5951712176719782e-001 3.2090748187663543e-001 9.1086181805214927e-001
21
5.0733652893512060e-002
8.6729821799223270e-002 9.6615071778430117e-001 -2.4296240148540271e-001
2.4934616352055938e+000
-2.5621666168209617e-001 2.5730984975135740e-001 9.3174280973743828e-001
22
-2.2535699104069606e-001
8.1420450689863796e-002 9.7156596538221995e-001 -2.2232922686946632e-001
2.7194075589626570e+000
-2.9619430119854862e-001 2.3657873297532331e-001 9.2536448983159814e-001
23
7.8511064458828184e-001
5.7167355249706973e-002 9.9830500358392527e-001 -1.0909322300349796e-002
8.3331096498629487e-001
-1.2382088326576406e-001 1.7932510667438298e-002 9.9214253710263234e-001
24
6.4744493013000104e-001
1.2096202692549871e-001 1.5049943007092717e-001 -9.8118199616095747e-001
1.3882982290243109e+000
-1.4979604322891152e-002 -9.8805067807204394e-001 -1.5339970344073031e-001
25
1.0657829149904521e+000
1.3093487019018785e-001 -7.8799150902208584e-002 -9.8825439720011854e-001
1.2251703453173446e+000
-5.4159588722879251e-002 -9.9591612597396184e-001 7.2234402983511942e-002
26
-1.1832520519228622e+000
1.6776108407050225e-002 7.7653493873088253e-001 -6.2985081655653918e-001
1.9493217739617206e+000
-1.0222609339856201e-001 6.2797050091223683e-001 7.7149392467634015e-001
27
-1.0807287817628848e+000
3.6715580571232961e-002 8.0150886591048232e-001 -5.9685467578817653e-001
1.5232690022034334e+000
-9.8734894592069314e-002 5.9724456788851321e-001 7.9595875943264549e-001
28
-1.2304373067834278e+000
2.3098438062809604e-002 8.5206059532883838e-001 -5.2293326921025440e-001
1.8283850479069850e+000
-1.2490623532479386e-001 5.2143383901977436e-001 8.4410022147970509e-001
29
-1.0205302698576757e+000
1.7843539016263267e-002 6.2627203780445928e-001 -7.7940037386418104e-001
3.0235076827963727e+000
3.2255909520502113e-002 -7.7947929212388944e-001 -6.2559698644658246e-001
30
6.4461435518361954e-001
1.1383648033656293e-001 9.1527588264862159e-001 -3.8640822246216500e-001
1.5532559188687531e+000
-1.3751318323968867e-001 3.9970868824978512e-001 9.0626877303199849e-001
31
-4.4157109858780386e-001
9.8303898789416533e-002 9.5584745148760231e-001 -2.7693319224581231e-001
1.7392624547721214e+000
-1.6510551389903647e-001 2.9008966025186977e-001 9.4264954160869885e-001
32
-1.4038471261623864e+000
9.9574315777588920e-003 8.8688228485500586e-001 -4.6188814919495191e-001
2.6451207040371676e+000
-1.6168915948557011e-001 4.5726052557705599e-001 8.7451096474192036e-001
33
-1.8405050553358873e+000
4.3253604242749488e-003 9.3025246315080568e-001 -3.6689459802381785e-001
2.5190481710913870e+000
-2.0746297929876073e-001 3.5975001057680095e-001 9.0969172916459662e-001
34
-1.2357573985360917e+000
-1.5738359582091577e-002 9.0229163625992748e-001 -4.3083884130037287e-001
2.8779096114811074e+000
-2.0284609414751514e-001 4.1905074217369803e-001 8.8501408891201860e-001
35
-6.6214265036964326e-001
1.0674494575241647e-001 3.4799393503811421e-001 -9.3139988068122614e-001
9.1256901927745249e-001
-4.4966844990693713e-002 -9.3410398587561505e-001 -3.5415777052448172e-001
36
-3.2689387004410125e-001
1.1278224354558687e-001 4.0735640975413323e-001 -9.0627861111969688e-001
8.6179209472347340e-001
-2.1782841776696149e-002 -9.1086518476243228e-001 -4.1212876991521918e-001
37
1.4364280725417706e+000
6.5649848102560984e-002 9.6957083883883211e-001 -2.3584419839689511e-001
1.4630045143362644e+000
-1.6063812393923296e-001 2.4354048880209939e-001 9.5649538600628781e-001
38
1.2738345927036494e+000
1.5405549110064945e-001 1.6829611476710835e-001 -9.7362381000879095e-001
1.5278069514049386e+000
-6.7320591986493351e-003 -9.8518551055082615e-001 -1.7135982370338115e-001
39
1.2355544077423568e+000
1.4495903010159691e-001 -7.1272290963344975e-002 -9.8686733664299608e-001
1.7122181923270925e+000
-9.2679155452187658e-003 -9.9745629127926305e-001 7.0675686971295199e-002
40
-9.7481884200332614e-001
3.4937889580797792e-002 6.0070365253695368e-001 -7.9870799776914880e-001
2.6043386318009158e+000
-2.3849956343839400e-002 -7.9846715036786886e-001 -6.0156578141198480e-001
41
-1.0014798777102576e+000
4.4401470016424777e-002 5.6359335172227853e-001 -8.2485819590692577e-001
2.4459387851705912e+000
-5.0791777079159522e-002 -8.2333112581719126e-001 -5.6528404598196214e-001
42
-8.9853405098311656e-001
4.7384510492399737e-002 5.9338221664643376e-001 -8.0352489266553551e-001
2.5189641842147359e+000
-1.8657958019056401e-002 -8.0376235390162776e-001 -5.9465785040901764e-001
43
-1.1801767493099682e+000
3.1452001535716034e-002 6.3905115656671463e-001 -7.6852091115996446e-001
2.4845114823675858e+000
-5.6472548649778936e-002 -7.6653685889696643e-001 -6.3971250980528027e-001
44
3.4377302380772301e-002
-1.2439143037574374e-002 7.9334130090840294e-001 -6.0865002094262111e-001
3.4472117257801491e+000
-6.5546852509110326e-002 6.0674095664390459e-001 7.9219254077338308e-001
45
-3.0798616873947982e-001
-2.7614763526504372e-002 8.9689794796417532e-001 -4.4137455270215409e-001
3.4191358152270199e+000
-6.4810245707172601e-002 4.3900751237590208e-001 8.9614286591419001e-001
46
-6.1761974599891278e-001
9.6292281910039107e-002 9.5852969305964464e-001 -2.6823240663190068e-001
9.5313376648021508e-001
-1.1483919843998033e-001 2.7838379271145641e-001 9.5357979344009158e-001
47
-5.0350752427206869e-001
9.1705054726348489e-002 9.6369134254503630e-001 -2.5077715055679067e-001
5.5104291278666861e-001
-1.0304593347427447e-001 2.5967026376864472e-001 9.6018377913227526e-001
48
2.5663737111161811e-001
7.5444238801575719e-002 9.9384345832940080e-001 -8.1137828215370925e-002
6.1267515041379972e-001
-1.1498733836658227e-001 8.9497978972116782e-002 9.8932705602104887e-001
49
-4.4889071605570852e-001
-5.1307537437055309e-002 5.9006576448470149e-001 -8.0572323423445480e-001
3.1776095608629746e+000
-4.5960639321878868e-002 -8.0732615263585128e-001 -5.8831292940349211e-001
50
-8.4886267469363297e-001
-3.6596131432460786e-002 6.8859861461716798e-001 -7.2421866249876155e-001
2.2534788679596267e+000
-5.7347330422819850e-002 -7.2495695293829876e-001 -6.8640272441169214e-001
51
-5.0170755681446488e-001
-4.3144287849454468e-002 7.5293796860191931e-001 -6.5667570829411548e-001
3.0325107729981080e+000
3.0306807520018453e-002 6.5797159970334773e-001 7.5243263578991704e-001
52
-2.3772412525570181e+000
-4.8033220606619687e-002 9.6885228220049235e-001 -2.4293633938349724e-001
3.2724065349643943e+000
-3.3176368606570544e-001 2.1393403855053364e-001 9.1878456874152759e-001
53
-1.6504620835897399e+000
-5.4201784225815980e-002 9.5068592890276993e-001 -3.0538243429021150e-001
3.2938339802889569e+000
-3.0545520788582708e-001 2.7538491569485385e-001 9.1151536694844826e-001
54
-2.4078128654114908e+000
-2.7994195608117917e-002 9.5950528859709405e-001 -2.8029614012051962e-001
2.7412312108069026e+000
-2.8164668333049636e-001 2.6147447286527359e-001 9.2320433589144213e-001
55
-1.2364401052683203e+000
-1.5016599341912018e-002 7.2875718149884328e-001 -6.8460753147921716e-001
2.1764020437210028e+000
5.4056962764351499e-002 6.8427510140071357e-001 7.2721759493272531e-001
56
1.7662477427648198e+000
1.9190521084145704e-001 -1.1350149785183535e-001 -9.7482808742736060e-001
2.2676279523581200e+000
1.6207518404851802e-002 -9.9278792393017290e-001 1.1878322459663106e-001
57
1.3288440609297421e+000
1.7040473152402455e-001 -6.8168283822248169e-002 -9.8301338371100244e-001
1.9495815992990713e+000
1.2579154626885195e-003 -9.9758832476470249e-001 6.9397060037461600e-002
58
1.0815522142414116e+000
1.6714517514927804e-001 6.2989678316189776e-002 -9.8391808137158454e-001
1.7508150854016682e+000
7.2149873056487679e-002 -9.9606277818440203e-001 -5.1510559436909492e-002
59
-3.3253079010638231e-002
1.0978686377303501e-001 9.4220112681851054e-001 -3.1654996630044036e-001
2.5157378785992388e+000
-2.2825187017860374e-001 3.3386278253608243e-001 9.1456914784899357e-001
60
1.4543841592927247e+000
1.3862723377429415e-001 1.3778935326424055e-001 -9.8071228409921984e-001
2.0240564759085551e+000
5.4161935479072137e-002 -9.8984651853958039e-001 -1.3141672070262786e-001
61
1.7177224361330379e+000
-1.2231419868285243e-001 7.3173635142333815e-001 6.7052304121948902e-001
2.6085642327616703e+000
-3.5468279667418529e-002 -6.7838694566582514e-001 7.3384818122526307e-001
62
1.8234787827297705e+000
8.8472969923686876e-002 5.2641036984566958e-001 -8.4561495736051639e-001
2.1096625156223601e+000
1.4637075143187608e-001 -8.4659891978396529e-001 -5.1170877669421622e-001
63
1.4444737976746023e+000
-9.4500560653631618e-002 9.8717299244629586e-001 1.2868227158694098e-001
1.9739189449248489e+000
-1.8388841238935022e-001 -1.4434566851283512e-001 9.7229078971802829e-001
64
1.1410910504427838e+000
-9.3139424625154052e-002 9.9433555611556468e-001 5.1203998133412199e-002
2.4899268129278722e+000
-1.9568017631747742e-001 -6.8705441000405071e-002 9.7825805949825995e-001
65
1.6427770385468043e+000
-7.5403552114934214e-002 9.9678595212598098e-001 2.7056791619700662e-002
2.5830339032692105e+000
-2.4210960651534652e-001 -4.4623389400146825e-002 9.6922220958427641e-001
66
8.9876072454838396e-001
1.2961345643553637e-001 2.1416616321240249e-002 -9.9133328424712064e-001
1.7444321900833588e+000
-7.3129011224910331e-003 -9.9971888169575629e-001 -2.2553914475306993e-002
67
-1.7007755267266417e-001
1.0299770256948818e-001 1.5309224227003213e-001 -9.8282970987966223e-001
6.7285724345451148e-001
-7.5789285094991735e-002 -9.8400448556962272e-001 -1.6121773054987493e-001
68
-1.7168529361693692e+000
-1.8170422342121795e-002 9.3308592061344164e-001 -3.5919423785032373e-001
2.6546914066828666e+000
-2.4126604194600881e-001 3.4454537454916989e-001 9.0723711447475452e-001
69
2.3246603956620948e+000
-1.2864939955127624e-001 9.7155886250411616e-001 1.9880319083154721e-001
2.9116330864352982e+000
-1.0714801161991845e-001 -2.1291336161975474e-001 9.7117825554821491e-001
70
1.1125439831901718e+000
1.8878602276999329e-001 -3.5190203619927551e-001 -9.1680139317383869e-001
1.4132614972854343e+000
3.0424525612690156e-002 -9.3104486580669388e-001 3.6363416519386377e-001
71
3.5076030329598451e-001
-3.6542021108796285e-002 8.7609880280445995e-001 -4.8074480591877045e-001
4.1661940669928654e+000
-2.0605545111376086e-001 4.6412305367544748e-001 8.6147022125740491e-001
72
8.5681677319366756e-001
-2.0863870310109084e-002 8.6900279204939623e-001 -4.9436711695463403e-001
3.9447742782619741e+000
-2.3892146534448572e-001 4.7581417152075428e-001 8.4647351262615544e-001
73
5.5878645746644251e-001
-7.8739490488110020e-003 8.2101806769871011e-001 -5.7084790744878200e-001
4.7169258088792354e+000
-1.6631478477900091e-001 5.6183926360960368e-001 8.1035549867359635e-001
74
5.2208029954484680e-001
2.6887993119008861e-002 9.9787577836710839e-001 -5.9337734825905201e-002
2.1790501046513890e+000
-3.6900846345724558e-001 6.5074819983498622e-002 9.2714509204387108e-001
75
1.2856692366186271e+000
-1.1882221104114317e-001 9.5088690679355314e-001 2.8582402392360790e-001
2.3978168695135773e+000
-3.3385749378102803e-001 -3.0936455100004173e-001 8.9041156126298915e-001
76
2.7079940499702071e-001
-7.3915134792132672e-002 9.8050078835200261e-001 1.8208447734434219e-001
1.7798289886257761e+000
-3.7571605416467363e-001 -1.9650965133782669e-001 9.0566075523565304e-001
77
1.3314496961534816e-001
-4.0555828266494703e-002 9.4423125225876259e-001 -3.2677601970075421e-001
4.0295951123830385e+000
-1.5557858691412724e-001 3.1708867424581205e-001 9.3554800836666674e-001
78
7.2581149927602961e-001
-2.8433389908495726e-002 9.0551704680866330e-001 -4.2335613882076684e-001
4.5934722885801813e+000
-1.7514236950162207e-001 4.1246259914735733e-001 8.9397972835515882e-001
79
1.0376942449992954e+000
-4.9552414763615174e-002 9.5545359785366302e-001 -2.9095185261411449e-001
3.9817172979914233e+000
-2.3458253029754447e-001 2.7202712135408458e-001 9.3325895748554788e-001
80
6.7026979956453570e-002
-3.2982007318388837e-002 9.4214885241806168e-001 -3.3356817456193172e-001
4.2799869802749342e+000
-2.2122354259519833e-001 3.1858957937792054e-001 9.2171623839087802e-001
81
-6.4108630949188306e-001
-7.3312287943521015e-002 9.7693913454834924e-001 -2.0053736765104158e-001
4.3524975134951118e+000
-1.9018548804076429e-001 1.8369339332156207e-001 9.6440977669697359e-001
82
-9.2040222543946304e-001
-2.1238428788664165e-002 7.0216524060526908e-001 -7.1169719967717548e-001
2.4309706153309483e+000
-8.4982666639690882e-002 -7.1054931601785420e-001 -6.9849668279625110e-001
83
-4.0795380578792395e-001
-4.5890255072300754e-002 5.4464211612745883e-001 -8.3741211469001509e-001
3.0786691462477225e+000
-7.5003913552173923e-002 -8.3780758850539272e-001 -5.4078910639419953e-001
84
-1.0249562667001149e+000
3.8354300295419391e-002 7.1945312204557832e-001 -6.9348118419155325e-001
2.1018940203428365e+000
-7.1360419484992360e-002 6.9419197451719306e-001 7.1624380838290436e-001
85
-8.9313515223449480e-001
5.8982635696704241e-002 7.4184061487822495e-001 -6.6797720829633600e-001
1.6974163946935859e+000
-6.8124582848522741e-002 6.7057345539488711e-001 7.3870852312090984e-001
86
-8.5041437208711601e-001
6.9463229778119362e-002 6.5695561973080785e-001 -7.5072243433435637e-001
1.9956340492652598e+000
2.6955154819804188e-002 -7.5350146212927971e-001 -6.5689342072948009e-001
87
-1.0518345406540064e+000
7.3967301505233951e-002 5.4034408126118361e-001 -8.3818680027428327e-001
1.6234220921322540e+000
-1.6438525351643498e-002 -8.3971436076148787e-001 -5.4277948304554491e-001
88
-9.2697744558558837e-001
8.8430895596894390e-002 5.5245228924883816e-001 -8.2884042179882200e-001
1.5586151750519628e+000
3.8247200290876457e-003 -8.3228252025864147e-001 -5.5433850487641878e-001
89
-1.0403239431654268e+000
2.5312875628487656e-002 6.0951616987087032e-001 -7.9236941952182960e-001
2.6747202206722331e+000
2.5103756309276491e-003 -7.9265965090673618e-001 -6.0965922927370086e-001
90
-1.1837662054871734e+000
1.7330593378017553e-002 6.4529481766874186e-001 -7.6373702857922976e-001
2.3915191041332537e+000
-2.5777353595067828e-002 -7.6330948737769266e-001 -6.4551851601703802e-001
91
1.3781303302070458e-001
-3.2560222370702101e-002 9.1524723332605740e-001 -4.0157481719869825e-001
3.6059105556390048e+000
-1.2273716656601180e-001 3.9508525596853183e-001 9.1040827569812144e-001
92
-3.7943466731420905e-002
-4.3527730941945453e-002 9.4508886535692294e-001 -3.2390179563782945e-001
3.5838828546325310e+000
-8.6886120098060640e-002 3.1939959625291769e-001 9.4362847564482655e-001
93
-3.1783177344640062e-002
8.3599130102108454e-002 9.8552609430022087e-001 -1.4747712669943927e-001
4.3053751251502670e-001
-9.3638972672943688e-002 1.5510947368986713e-001 9.8344943640657390e-001
94
1.3942715797274319e-001
8.7960799785140889e-002 9.7074605726374763e-001 -2.2341662876349960e-001
3.6749382996341173e-001
-8.3853827488320543e-002 2.3070579184175313e-001 9.6940361729582414e-001
95
1.4785709826348831e-001
8.8366352703758949e-002 9.7365515474291831e-001 -2.1020710585605434e-001
3.8067201711710458e-001
-9.2459500754166271e-002 2.1813922740551991e-001 9.7152792970002322e-001
96
-1.0922437411237349e+000
1.8740328291378637e-002 6.7892729267873186e-001 -7.3396630123695639e-001
2.5778499576134948e+000
6.9207789884922821e-002 -7.3321529793923090e-001 -6.7646552660658843e-001
97
-9.6918191891881866e-001
-2.5725107469556224e-004 7.3653091438511675e-001 -6.7640383350252276e-001
2.9267140698663079e+000
-9.3591915696427830e-002 6.7341714480335702e-001 7.3331432714843858e-001
98
7.7768893666142158e-001
-1.8018169413304569e-001 7.0940187625289197e-001 6.8138354475891350e-001
1.3823717284242831e+000
-6.3273041586044715e-002 -6.9964542795928109e-001 7.1168307366701156e-001
99
8.0191370299228604e-001
8.3354084344814505e-002 9.7807538411984796e-001 -1.9084192307207953e-001
1.2330949441104933e+000
-1.3987028322217623e-001 2.0109550543656896e-001 9.6953437358587713e-001
100
-9.1464772332080124e-001
5.6989709227255311e-002 6.2805663153001257e-001 -7.7607798618010482e-001
2.2596707875956170e+000
2.5223512515673077e-003 -7.7742944311891704e-001 -6.2896510134980810e-001
101
-1.1085238453197279e+000
6.4269481235681672e-002 8.5429933524133583e-001 -5.1579267112659510e-001
1.0321831764232403e+000
-8.8037306285089892e-002 5.1969979033295988e-001 8.4980089469824804e-001
102
-1.5150320822407770e+000
5.6414031709837158e-002 9.1461176380196063e-001 -4.0037829429341926e-001
9.5358638804704876e-001
-1.0945799824512133e-001 4.0426540063692312e-001 9.0806851749636097e-001
103
-1.1484195878461170e+000
5.0640364793503791e-002 8.3902676131918741e-001 -5.4172838881104990e-001
1.2438762788922360e+000
-9.8232497990114465e-002 5.4397863777887345e-001 8.3332923744391874e-001
104
-1.1753365669149609e+000
4.9521040643472833e-003 7.4905987783474293e-001 -6.6248379307235561e-001
1.9334779484742346e+000
1.0669790501474427e-001 6.5831418098550498e-001 7.4514293674358090e-001
105
-8.5645662588548888e-001
-3.6403424803073417e-002 5.5921119720874013e-001 -8.2822558978757377e-001
4.8983614140618394e+000
-1.1406093454379351e-001 -8.2568397619025491e-001 -5.5248174148441054e-001
106
6.8356868453687025e-001
4.2075249009772178e-002 7.5925396612629181e-001 -6.4943289749000355e-001
2.8339169283872661e+000
-2.8586206761857424e-001 6.3198329881308279e-001 7.2033324809991095e-001
107
-1.4350875827253349e+000
6.9436802089253527e-002 9.7620516360330001e-001 -2.0543127578309953e-001
1.9040553206540802e+000
-2.0349749934582353e-001 2.1545907871995071e-001 9.5507389931729703e-001
108
-7.6225998112967075e-001
8.2977669045567928e-002 9.7273953359591858e-001 -2.1654677605394870e-001
1.9323777783121274e+000
-2.2120474090305228e-001 2.2985382521081621e-001 9.4775296445749468e-001
109
2.5763687830931975e-001
2.7944634718869418e-002 9.5643979911477350e-001 2.9058907078505353e-001
3.0287719367393356e-001
-1.2710851488683139e-001 -2.8494287575465482e-001 9.5007946141358701e-001
110
-2.2829945948395486e-001
9.2278263577481132e-002 9.6660951758884917e-001 -2.3906225669849507e-001
3.3727277722170529e-001
-9.7228208737408062e-002 2.4768630029588456e-001 9.6394925803771003e-001
111
-3.7693432890354961e-001
-7.8966623212735204e-002 9.5348984493854438e-001 -2.9089755588084332e-001
2.2092899282693370e+000
-3.0144391700516221e-001 2.5530842942505955e-001 9.1866706197898151e-001
112
2.8876719049254351e-001
-1.4496538618321092e-002 8.3888882075243465e-001 -5.4410972862528140e-001
4.0696398678346748e+000
-1.1271869860676945e-001 5.3932711152102852e-001 8.3451828126337679e-001
113
-4.5414605571102973e-001
-3.4626416317256090e-002 8.8655959098485548e-001 -4.6131670566519717e-001
3.5785271432570691e+000
-1.8285687358461807e-002 4.6095422673289110e-001 8.8723550114662975e-001
114
3.4726229149634036e-001
-4.3429099128940468e-002 9.4640263826552551e-001 -3.2005618199450797e-001
3.8612444166422071e+000
-5.8957305094784522e-002 3.1737231301193797e-001 9.4646650818156952e-001
115
2.9127860599464306e-001
-4.1527686937182423e-002 8.8545989456434404e-001 -4.6285659370451687e-001
4.7937189988372673e+000
-4.7589452878958605e-004 4.6323863810277915e-001 8.8623345552573229e-001
116
-1.0477904763718431e+000
3.3184504613462583e-002 6.5085481795906996e-001 -7.5847662758520462e-001
2.7439565159609769e+000
3.6825645115208160e-002 -7.5917552092249818e-001 -6.4984336596898695e-001
117
-2.7832933417096291e+000
1.6947621851504321e-003 9.7556124805991751e-001 -2.1972113932189716e-001
2.9642532395440231e+000
-3.0767025230736678e-001 2.0957209120686993e-001 9.2812636770662915e-001
118
-1.9351202932502480e+000
6.0476119339242268e-002 9.6854996737145616e-001 -2.4135782501178032e-001
3.0587030905379922e+000
-3.1906062147894326e-001 2.4787217015692981e-001 9.1474570623926110e-001
119
-2.2419534398008212e+000
2.5055671929271016e-002 9.8058849363932477e-001 -1.9446958488754121e-001
2.9531168498556086e+000
-3.6587990491746364e-001 1.9002857647565574e-001 9.1105490246209830e-001
120
-1.0995394691471270e+000
9.7490750676191826e-002 9.5168426356420732e-001 -2.9119171694408669e-001
2.8901721742237743e+000
-2.8518621245445086e-001 3.0702946678571547e-001 9.0796571011859484e-001
121
-1.7664991821347802e+000
6.4266955886977853e-002 9.6333792707980337e-001 -2.6047993517852552e-001
2.0522205603785135e+000
-1.7659809628426648e-001 2.6787862011416447e-001 9.4712943005404715e-001
122
-2.3662160799844600e+000
3.3816022976121282e-002 9.6300376101068674e-001 -2.6735787414877143e-001
2.1945023816206715e+000
-2.1122812800859778e-001 2.6835448626315417e-001 9.3987687897959360e-001
123
-6.1822883753108426e-001
-4.7895527127364515e-002 9.2949880104017779e-001 -3.6570206089939378e-001
3.2836493336667516e+000
-2.7989242004517334e-001 3.3896535447920395e-001 8.9819971145845057e-001
124
-5.0232013425190658e-001
-5.9158400615554427e-002 9.4033749452837001e-001 -3.3506071094760859e-001
3.3953229358082453e+000
-3.2090946120293518e-001 2.9991745093008004e-001 8.9836887765441031e-001
125
1.2192383636548016e+000
9.8706397296584661e-002 9.4131170686237808e-001 -3.2278370103920123e-001
2.2181113600078892e+000
-2.6811847792440269e-001 3.3752913395176021e-001 9.0232287210802531e-001
126
1.6945001294082336e+000
8.1444504569399834e-003 9.9247101092091350e-001 -1.2220867566737767e-001
2.0018138439910591e+000
-3.1594222800770611e-001 1.1850634649661516e-001 9.4134837037175079e-001
127
1.0622437472048265e+000
3.7034679139021032e-002 9.9413814601079420e-001 -1.0157646965360778e-001
2.6715322817363720e+000
-3.2305967847427375e-001 1.0809870458430246e-001 9.4018461708926848e-001
128
-1.4951912467622119e-002
1.1629397605156047e-001 6.7713313654862550e-001 -7.2661298262688656e-001
2.5554288955813576e-001
1.9585760459452942e-002 -7.3299805136954510e-001 -6.7994871473933627e-001
129
-8.5515669440203945e-002
7.6699357582741684e-002 9.9147204680984846e-001 -1.0535838334505930e-001
1.2473302277506046e-001
-9.0460591177714586e-002 1.1215365500314385e-001 9.8956477257085806e-001
130
-2.1685103910525444e-001
8.4605653045428067e-002 9.7551913359710218e-001 -2.0298843183471296e-001
2.3516546584832049e-001
-8.5087469309926181e-002 2.1004801475277676e-001 9.7398149575074056e-001
131
-8.6917930649652830e-001
7.5864141194872434e-002 9.7269521554180316e-001 -2.1933684082444962e-001
2.8651521719371447e+000
-3.5294055084817610e-001 2.3192512118600378e-001 9.0644564411212425e-001
132
-1.0613110119331650e+000
4.5181498327192288e-002 9.8697750840961784e-001 -1.5438273900424493e-001
2.3904817021793354e+000
-3.8667838888514344e-001 1.5977240198967332e-001 9.0826901473717558e-001
133
-1.2101737599685560e+000
6.1942831711352481e-002 9.7387378142560954e-001 -2.1847870251208232e-001
2.9599784667633466e+000
-3.5933132763753550e-001 2.2598043513354457e-001 9.0543571826778513e-001
134
5.0070401181558455e-001
-1.4414209232365215e-002 7.8927765814240125e-001 -6.1386725676603104e-001
4.3571341053046826e+000
-1.1762733052517457e-001 6.0832962024453607e-001 7.8491966738428720e-001
135
-3.8548613301993107e-001
-2.6912870043296788e-002 8.3310779555275016e-001 -5.5245551713714447e-001
3.5304866058605775e+000
-1.2495416747095026e-001 5.4551744732188701e-001 8.2873226720036297e-001
136
-1.0734714485338639e+000
-1.6633972539182341e-002 8.4263230282999313e-001 -5.3823239700429426e-001
2.7408598958332355e+000
-1.2575014315606770e-001 5.3226953429051393e-001 8.3718339947850573e-001
137
-6.6140109240612643e-001
-4.1537544738712830e-002 8.9827037428527867e-001 -4.3747567596206449e-001
3.4821228310214356e+000
-1.6003466735847349e-001 4.2621890373610205e-001 8.9035181324095614e-001
138
-1.2601480031714858e+000
-7.1340436465095136e-002 9.5939384597006161e-001 -2.7289923129196059e-001
3.9926158216470342e+000
-3.5367361016595028e-001 2.3148940048930255e-001 9.0627128109263544e-001
139
-2.3715091442606111e+000
-5.7527325011102096e-002 9.6796260148097202e-001 -2.4441564804908833e-001
3.7650298599767797e+000
-3.8257543176994657e-001 2.0475756553615179e-001 9.0094970911907579e-001
140
-1.5272759630814781e+000
-8.3591939965256865e-002 9.7327125571764461e-001 -2.1390523688457133e-001
5.2966649593336292e+000
-3.9346714905100583e-001 1.6497800274350571e-001 9.0441465115755260e-001
141
-1.1385527605282439e+000
8.9993175454854163e-002 9.5398636957599592e-001 -2.8602663343605506e-001
1.4143862049656721e+000
-1.4588717402954618e-001 2.9672113232167097e-001 9.4375500109266619e-001
142
-1.4263711783462878e+000
8.4494825433202497e-002 9.4476498166118161e-001 -3.1666978684705555e-001
1.1479743247624212e+000
-1.2821997350894440e-001 3.2547320732754575e-001 9.3681739400231345e-001
143
-1.1163825827958567e+000
-2.0165242492208121e-002 8.8745994758734392e-001 -4.6044348667724616e-001
3.2063403962974544e+000
-1.6136099887535998e-001 4.5161066220327756e-001 8.7750238622254650e-001
144
-1.3116833728945929e+000
1.9939901804055318e-003 8.4457986384556316e-001 -5.3542588431058358e-001
2.3460759710226369e+000
-1.3003347575157745e-001 5.3109993202137007e-001 8.3727185393446724e-001
145
-1.2196659160635119e+000
5.2243984116250940e-002 4.5183530225673424e-001 -8.9057028120088666e-001
2.1823111966310185e+000
-7.5226689972331673e-002 -8.8747366925982385e-001 -4.5467728279111475e-001
146
-1.1966504926877124e+000
4.2824848523394181e-002 5.9425503366766752e-001 -8.0313572159977265e-001
2.4525863178492466e+000
-8.3266317975467866e-002 -7.9895354650301076e-001 -5.9560049598793086e-001
147
-1.3102669331947494e+000
4.7927162354632874e-002 5.5281011171967376e-001 -8.3192786195025026e-001
2.4432487748852876e+000
-1.0188258004742912e-001 -8.2583545228863109e-001 -5.5463117981782428e-001
148
4.1306275368328194e-001
1.0208689361578793e-001 -1.5679113739493789e-001 -9.8234149122709891e-001
7.9501114599023615e-001
-6.7669777615069177e-002 -9.8630781258791889e-001 1.5039182167113177e-001
149
4.4627958745740509e-001
1.1082139367284223e-001 3.1577466628508355e-001 -9.4234016089571027e-001
1.4071922114120461e+000
9.6528456580828453e-003 -9.4847790522532560e-001 -3.1669620438218044e-001
150
-1.0587081336864446e+000
5.8146880213621660e-002 5.1377861354352949e-001 -8.5595004327747504e-001
2.0024130871875561e+000
-3.6852590343334379e-002 -8.5571164167149827e-001 -5.1613900539763102e-001
151
-1.4230756926682995e+000
7.8174010161841612e-002 9.4644814246927533e-001 -3.1324868355936480e-001
8.9875272606359236e-001
-1.1438927997806429e-001 3.2065048602137580e-001 9.4026504690983592e-001
152
-8.7142885773016787e-001
9.7392866746831952e-002 7.6847896671022431e-001 -6.3241972394195611e-001
7.0288348940608469e-001
-5.3377104876138455e-002 6.3855928327729994e-001 7.6771930183851900e-001
153
-7.9060435686552033e-001
1.0032647218832906e-001 5.8296352353100322e-001 -8.0628042839359682e-001
1.2995285827931609e+000
1.7975444142905327e-002 -8.1129883754210730e-001 -5.8435526831773388e-001
154
-5.0601054316327243e-001
1.1117648694828317e-001 5.9524859722894596e-001 -7.9581335515735718e-001
8.2960307583661330e-001
1.6615535675780300e-002 -8.0177904230944175e-001 -5.9738956409328181e-001
155
-9.8523245652069813e-001
9.3558674418978804e-002 2.8080573968947942e-001 -9.5519365104590581e-001
1.2993852240985730e+000
-6.4475208218646954e-002 -9.5567910702211534e-001 -2.8726362792141658e-001
156
-1.1031764434696947e+000
9.4287292009610349e-002 4.4147214003067614e-001 -8.9230726554378659e-001
1.1679824767913787e+000
-3.2037316288500997e-002 -8.9449051168730487e-001 -4.4593759077522727e-001
157
-1.3024822443293367e+000
7.3957129972071198e-002 3.9047259182099803e-001 -9.1763908916462700e-001
1.7168990384445282e+000
-5.6377454929836354e-002 -9.1705043775799344e-001 -3.9476585108581375e-001
158
1.7211378696570423e+000
1.4695868753946709e-001 -6.5456487505865546e-001 -7.4158476824711261e-001
2.4423229117720830e+000
-1.2869677633372875e-001 -7.5600500203588983e-001 6.4178935536359583e-001
159
1.8831125786433067e-001
6.3654624579850411e-002 9.8598604984417459e-001 -1.5420634968210492e-001
2.5022559585281119e+000
-2.9188900709919058e-001 1.6615695800272487e-001 9.4190905762813926e-001
160
-4.8588768829356410e-001
6.1725218038049173e-002 9.8552769379253369e-001 -1.5787704781292738e-001
2.7910097296433962e+000
-3.3129949896631894e-001 1.6944109681735289e-001 9.2818659583835761e-001
161
5.2546944839890664e-001
9.4457338982953720e-002 9.5867841479813554e-001 -2.6835332700079190e-001
1.8058627124602333e+000
-1.7489510514592363e-001 2.8134622850963675e-001 9.4353378418549483e-001
162
-7.1867873285423389e-001
-4.4861250324305657e-002 9.1657865688314466e-001 -3.9732988053458917e-001
3.2208494175099243e+000
-2.0510355316600748e-001 3.8080679946024043e-001 9.0162004966811116e-001
163
-1.3682636599193514e+000
7.3187336178970802e-002 9.4010954464754293e-001 -3.3292290081280912e-001
7.3857670931585018e-001
-1.0167439977072248e-001 3.3911214447068239e-001 9.3523540881628198e-001
164
-1.1139953694173257e+000
8.6570742363070025e-002 9.5187031977343406e-001 -2.9402108921151721e-001
4.2224933600933190e-001
-9.5079586918419279e-002 3.0167605256027924e-001 9.4865769983860360e-001
165
-9.6407943828205125e-002
7.2313982844552857e-002 9.9667539829922025e-001 -3.7534494937975504e-002
2.4904284320835701e-001
-9.7567974963752455e-002 4.4521561136150592e-002 9.9423252856435584e-001
166
1.4170984876583781e+000
-1.7878085167440841e-001 9.6256953629126996e-001 2.0370884830704483e-001
4.4169241833642081e+000
-2.1791815265420267e-001 -2.4064181600413612e-001 9.4583465528284116e-001
167
4.2051566598847212e-001
9.2226587781138000e-002 9.5945137648688394e-001 -2.6635936751627848e-001
2.0908962967519411e+000
-2.4025054072718971e-001 2.8103779511684962e-001 9.2913800664710333e-001
168
9.3625468684967017e-002
1.0968941453574452e-001 9.3840483470239255e-001 -3.2766537587297961e-001
2.0698480014053948e+000
-2.1369464275390687e-001 3.4420996565263989e-001 9.1425056696930107e-001
169
-1.0156257692663662e-001
1.9307376054061916e-002 9.9889289232354417e-001 -4.2897725993474259e-002
1.2691177186543399e+000
-3.9091976006843737e-001 4.7032252605354145e-002 9.1922233893813809e-001
170
-1.2747796490824017e+000
7.7119350713056575e-002 1.9621236663573008e-001 -9.7752407281089615e-001
3.3053462952117254e+000
-9.4546656028856937e-002 -9.7458644398469674e-001 -2.0308173978726915e-001
171
-5.3076215356217427e-002
-6.9171527389232615e-002 9.3437476154693255e-001 -3.4951266755691957e-001
3.1770190891963654e+000
-2.6872993963238567e-001 3.1994910199502352e-001 9.0852451352605357e-001
172
3.8525233663493408e-001
-3.9935937318143364e-002 6.8783920646875552e-001 -7.2476364902977430e-001
5.1885613659829808e+000
-2.0821246475379779e-002 -7.2575766440515399e-001 -6.8763528723618217e-001
173
5.9689265945564030e-001
-7.4267914105414362e-003 7.9407771367649782e-001 -6.0777086752463705e-001
4.6054066837966303e+000
-1.5452002670021095e-001 5.9957616205845266e-001 7.8525918475355772e-001
174
1.8623051785784377e+000
1.2849211260507427e-002 9.8423023237045204e-001 -1.7642490600249330e-001
2.1824443690197968e+000
-2.7954240971445377e-001 1.7294007460166233e-001 9.4442986598678025e-001
175
2.1927118218542749e+000
-6.9047319696393286e-002 9.9145715016685221e-001 1.1065797316853722e-001
2.6677718164656112e+000
-2.2626978835765230e-001 -1.2359597751872795e-001 9.6619150131729770e-001
176
-1.5223632197233006e+000
-2.5603922540859053e-002 9.2023052622962598e-001 -3.9053836910816775e-001
2.8355912653845161e+000
-2.7374902480742008e-001 3.6927928229874807e-001 8.8808461482108125e-001
177
-8.3565760836980574e-001
8.1805951107112362e-002 7.1185291693408148e-001 -6.9754799907669485e-001
1.3750442056685463e+000
-4.9719413735049123e-002 7.0193726083731744e-001 7.1050127497848103e-001
178
-1.3718762304021572e+000
5.4455664406202836e-002 9.7582285571393390e-001 -2.1167034482983646e-001
3.1028382313325009e+000
-3.9390707160632393e-001 2.1578686118605409e-001 8.9346138667432129e-001
179
-2.2909721420659048e+000
-2.8931581076305987e-003 9.8626988652999470e-001 -1.6511614263988758e-001
2.0800547779686420e+000
-4.0194485704791627e-001 1.5004446481305997e-001 9.0328677089376919e-001
180
-1.3405690048904515e+000
3.9240738109706470e-002 8.8217856785318294e-001 -4.6927725162542488e-001
1.2981003005582381e+000
-1.1717333057024665e-001 4.7046133438955801e-001 8.7460650777791049e-001
181
-2.8902221389850640e+000
-3.2064940966197192e-002 9.8151336246416720e-001 -1.8868852340595255e-001
3.1492984727380868e+000
-3.7141800205910352e-001 1.6356516906614388e-001 9.1394480315541360e-001
182
5.3067881407882234e-001
-3.8879384435703684e-002 9.4555503190414569e-001 -3.2313166837475232e-001
3.1607111736629401e+000
-1.1184926916819442e-001 3.1722586734715885e-001 9.4173111346731220e-001
183
-1.9177059583105360e+000
3.1040059532964091e-002 9.3150028937971874e-001 -3.6241374917308300e-001
2.4329741131391693e+000
-1.7566603064201344e-001 3.6202874378237260e-001 9.1546525567813697e-001
184
-9.1323863325882182e-001
5.0182430784252184e-002 6.8405282977082149e-001 -7.2770423231084402e-001
2.2857551144799508e+000
3.8029891605709847e-002 -7.2940259609615365e-001 -6.8302677850333904e-001
185
2.0795326985543028e-001
9.1721734282377149e-002 9.7551947399749783e-001 -1.9987215742038150e-001
1.0454311390114506e+000
-1.2111907586406426e-001 2.1015721258198936e-001 9.7013613243791896e-001
186
-1.1078132005875037e+000
8.8478035693251716e-002 1.2123369605484502e-001 -9.8867286204322669e-001
6.0337462984602173e+000
-1.0014788464896511e-001 -9.8645332967837174e-001 -1.2992393762040588e-001
187
-6.1518477989799480e-001
1.0033564603112835e-001 1.8887100581410990e-001 -9.7686258055996933e-001
7.9647178665450569e-001
-7.3880199681105568e-002 -9.7769236332620024e-001 -1.9661983315197210e-001
188
-9.1805553556293784e-001
4.1988335352291212e-002 6.2416218199160189e-001 -7.8016571974537918e-001
2.5742151218237423e+000
7.2915330196546245e-003 -7.8102499044744456e-001 -6.2445720257099446e-001
189
5.3457445805496673e-001
1.1481503967755027e-001 -1.3712658213678888e-001 -9.8387692682333261e-001
3.0097517876812834e+000
1.7811705922807237e-002 -9.8998333249086656e-001 1.4005621914930427e-001
190
6.1699151731387558e-001
1.2385301761773143e-001 -3.2845214470638623e-001 -9.3636510970067466e-001
2.0313776567931745e+000
-8.8437830260750978e-003 -9.4395841301300099e-001 3.2994590769361576e-001
191
5.5501961651721621e-001
1.1732165857599898e-001 7.4930618298080662e-002 -9.9026311194068239e-001
1.9737347486156662e+000
1.1051285383543170e-002 -9.9718622288282077e-001 -7.4145168312339971e-002
192
2.8475841706068938e-001
9.4098434350949028e-002 -1.8427432004730554e-001 -9.7836008689224618e-001
3.5855682529416288e-001
-7.9128487320155483e-002 -9.8099589214017746e-001 1.7716021590222064e-001
193
-1.7247277094831914e-001
-9.0338963007585565e-003 7.2148407184961671e-001 -6.9237209850262149e-001
3.7842892397137105e+000
-8.9268313241897296e-002 6.8905391616001277e-001 7.1919112124350926e-001
194
1.1277604052346963e+000
-9.8233219397734217e-003 9.8572998000629974e-001 1.6804734113590536e-001
1.8922573376406722e+000
-1.9645532649781436e-001 -1.6668268508117298e-001 9.6624126758525886e-001
195
-3.1143052144071315e-001
-5.6056721527251829e-002 9.1967238514090910e-001 -3.8866482730091145e-001
3.6025776067673787e+000
-2.0806190448616582e-001 3.6997050926519492e-001 9.0544578312323132e-001
196
-8.2444736577992805e-001
9.0981753196505713e-002 9.5874533750341329e-001 -2.6931338325593168e-001
2.8785221065220759e+000
-3.2210489747500448e-001 2.8422935884105566e-001 9.0302940516653130e-001
197
3.2609375190526757e-002
5.9584087105864686e-002 9.8955882662666428e-001 -1.3123667631047470e-001
2.9355511266347909e+000
-3.3877550681234825e-001 1.4371352479578314e-001 9.2982663909720753e-001
198
-9.8479875499109504e-001
4.5615544940464589e-002 9.8534200890921886e-001 -1.6437867117886401e-001
3.2433829702303054e+000
-4.0931530534280075e-001 1.6853854302526539e-001 8.9669155250122135e-001
199
4.0268855700846895e-001
8.8868121261089436e-002 9.6429342775636295e-001 -2.4948074516765426e-001
1.9804590361816659e+000
-2.0739690727378124e-001 2.6289623135623180e-001 9.4226965057352929e-001
200
1.0706078559468637e+000
4.9406825261956715e-002 9.9185413708630665e-001 -1.1740671344651582e-001
2.2040195648044012e+000
-2.2514392996422078e-001 1.2558478091294581e-001 9.6619805092088296e-001
201
-2.8517569092699917e+000
-7.1359542262784847e-002 9.8764099014080997e-001 -1.3954601506931685e-001
3.4873750765049154e+000
-4.0618626046003270e-001 9.9003491896705986e-002 9.0841126721642618e-001
202
1.6711594423233658e+000
1.0179544321013356e-001 9.1895876706202040e-001 -3.8098880847277328e-001
2.2727148383318592e+000
-2.3396324668931948e-001 3.9435139944885184e-001 8.8867776665747888e-001
203
-2.2178838185248329e-001
8.3125601351849085e-002 9.7788908420834786e-001 -1.9189339067839828e-001
2.0253037074946763e+000
-3.7282863948661676e-001 2.0909314280898561e-001 9.0403476880528200e-001
204
-9.2121855387960738e-001
-1.7677867480215433e-002 9.9942897817482690e-001 2.8796016838673964e-002
1.1749965993570475e+000
-3.9422384067384947e-001 -3.3434565083240338e-002 9.1840606122893909e-001
205
-7.7611699755612429e-001
5.7041358036502558e-002 9.8800609956926488e-001 -1.4349296389467794e-001
2.3259300310356181e+000
-3.6834325383477917e-001 1.5441383708256601e-001 9.1677675268946812e-001
206
-2.0164859458811168e-001
1.1334831086911867e-001 7.3013391431301111e-001 -6.7383724117406729e-001
4.6053563493403449e-001
-3.2727604399288526e-002 6.8058380963333542e-001 7.3193891956587431e-001
207
-3.7275774506678938e-001
9.2843248297747788e-002 9.6114521817294252e-001 -2.5996153721042942e-001
3.9458838491598680e-001
-9.0304341412754160e-002 2.6814165183205591e-001 9.5913772758388838e-001
208
-6.3008355903478175e-001
1.0223478056871010e-001 8.6241536719093614e-001 -4.9576989024646312e-001
4.3836944153597135e-001
-6.4693992204655965e-002 5.0309042854951946e-001 8.6180897423645131e-001
209
4.8608638206322885e-002
-3.7355554907628284e-002 8.7161541533672460e-001 -4.8876490285712249e-001
3.9548820223181753e+000
-1.6161930930104243e-001 4.7739741694420817e-001 8.6369607221293521e-001
210
-1.4781195704657564e+000
2.4498250463147603e-003 7.4410269964288533e-001 -6.6806075378023266e-001
2.1617658078516517e+000
8.0490173303556359e-002 6.6574842245339105e-001 7.4182233048243074e-001
211
-1.4274762422508744e+000
9.9974334789287300e-003 7.0233381330024836e-001 -7.1177753969830082e-001
2.3470492868202291e+000
-5.4339618788555977e-002 -7.1037972632752844e-001 -7.0171778533306417e-001
212
-1.4175732533870729e+000
7.9931686726406159e-002 9.7123545937839229e-001 -2.2430472108967037e-001
2.4986749174070200e+000
-2.5120284031917384e-001 2.3738891389155362e-001 9.3837286649655860e-001
213
-7.5339681651343349e-001
1.0455043572931430e-001 4.4640253165890464e-001 -8.8870354231168192e-001
1.1643759606069441e+000
-1.5337328824024075e-002 -8.9277084649296090e-001 -4.5024991060164121e-001
214
6.6403446815639677e-001
-3.8425110141274255e-002 9.6467224080827563e-001 -2.6063572035423510e-001
5.2833808281493315e+000
-3.5840374860744359e-002 2.5933004119554065e-001 9.6512351399360286e-001
215
1.0702100933638843e+000
-2.4576095270248774e-002 9.2731235073021456e-001 -3.7348068186249062e-001
3.5124851014221461e+000
-9.2044242376822155e-002 3.6990769581739313e-001 9.2449778475686106e-001
216
-1.8508682913309160e-001
-9.4336505407369584e-002 9.5615096035673519e-001 -2.7726515243791128e-001
3.8433104344670945e+000
-3.1398916790880654e-001 2.3571613878055664e-001 9.1970033399706919e-001
217
2.3785138803633297e+000
-1.4106428610824373e-001 8.0656769989164245e-001 5.7406394476249500e-001
2.7743491072973336e+000
-1.7501340283617575e-001 -5.9104653715447020e-001 7.8742256746007200e-001
218
-1.5811970684327490e+000
2.8481769651154384e-002 7.0823680394912503e-001 -7.0540018310847286e-001
2.2911842648805520e+000
9.1460797013892925e-002 7.0087987557658293e-001 7.0739120903594577e-001
219
-1.1582764070446676e+000
7.9651459508895198e-002 8.8255246091699135e-001 -4.6341859989373024e-001
6.9299056300573370e-001
-8.2054694662047373e-002 4.6912293737237210e-001 8.7931262740565452e-001
220
-1.0909471222075096e-001
1.0403193795704445e-001 9.4994210965720061e-001 -2.9459691815246214e-001
1.9230848220723735e+000
-1.9075161377187513e-001 3.0976241162154972e-001 9.3148326350494703e-001
221
2.6559794931398273e-001
1.0547284997798796e-001 -4.0079982853548579e-002 -9.9361414688599325e-001
4.8383858477325659e-001
-6.1442542525747379e-002 -9.9754099212905811e-001 3.3716212571200499e-002
222
7.2209857824241108e-003
1.1076855419088256e-001 2.5809122383210858e-001 -9.5974957545356898e-001
4.6663003251174429e-001
-4.3050901577834672e-002 -9.6353974012120280e-001 -2.6407913412555112e-001
223
1.1951647336450169e+000
3.0637475988161417e-001 -5.4629961116397541e-001 -7.7954553513542246e-001
2.5575448017015026e+000
-1.6721003636376008e-001 -8.3707917962592882e-001 5.2090234283981840e-001
224
1.3247987431857666e-001
1.1930978397261256e-001 -5.9666566277275335e-001 -7.9357120809437087e-001
3.1175645276377457e+000
-3.3908152251118512e-004 -7.9930484696311110e-001 6.0092565816829491e-001
225
-3.3105843537918833e-001
9.0013664371772301e-002 9.6321685761370734e-001 -2.5320115606991439e-001
4.1987550469340540e-001
-8.5538514821391118e-002 2.6077078374114021e-001 9.6160374418425720e-001
226
-9.3839162930125775e-001
9.3279290694494588e-002 9.2026350472544793e-001 -3.8001849402097193e-001
3.7956702145500815e-001
-8.3270776719497161e-002 3.8755621376718558e-001 9.1807742533784964e-001
227
1.2071725047955570e+000
-1.2554885227913962e-001 9.4801133162013174e-001 2.9242435057842736e-001
2.9153298679936102e+000
-3.5507812350204859e-001 -3.1816962414411593e-001 8.7902651637038565e-001
228
5.7787169023847351e-001
-7.8403891972840867e-002 9.8591831189496348e-001 -1.4770887581217426e-001
5.1441751917423417e+000
-2.7738435363974145e-001 1.2073975237419317e-001 9.5314208413671531e-001
229
2.2988804756472268e-002
8.8442963269748806e-002 -1.2102230126851084e-001 -9.8870189887738158e-001
1.1645899330683163e-001
-7.7039317194274010e-002 -9.9044950243215435e-001 1.1434477136335702e-001
230
-1.6563360220639489e+000
2.1953374824414354e-002 7.9641740611201428e-001 -6.0434871107302690e-001
2.1788602213586765e+000
1.1164616359069464e-001 5.9876031572241106e-001 7.9310857924465672e-001
231
-1.7395842386853222e+000
3.1894073814200875e-002 6.8529312163483791e-001 -7.2756862596975269e-001
2.6783759016612407e+000
-1.2306907447700807e-001 -7.1970695722434608e-001 -6.8328317601873245e-001
232
-1.3365578892005381e+000
4.2388458238566594e-002 6.2355282881044094e-001 -7.8063121145048631e-001
2.7330996858375007e+000
-1.1347219875208889e-001 -7.7327322515194630e-001 -6.2383698140898458e-001
233
2.7780874705403635e-002
8.7145780482231247e-002 9.7463197529503431e-001 -2.0615073532889158e-001
1.7003233786652311e-001
-8.1758640439963323e-002 2.1323722599244591e-001 9.7357352581325629e-001
234
3.0756131298067385e-001
7.3081167318145790e-002 -5.0191369393920038e-001 -8.6182468450359639e-001
1.1520072041364742e+000
-8.3903185959742665e-002 -8.6416610824359275e-001 4.9616246608235864e-001
235
1.1611327919070789e+000
-1.1031844740283914e-001 9.8072162558299469e-001 1.6129145444342480e-001
2.0080770713017242e+000
-2.7444831909838091e-001 -1.8603117332973307e-001 9.4343548941813504e-001
236
-4.1392601535539009e-001
-1.6133799526827031e-002 8.9865113007739450e-001 -4.3836725119863795e-001
3.1503077257661651e+000
-3.4275155316561845e-001 4.0688937061005714e-001 8.4673633020386441e-001
237
-3.7014799223315120e-001
6.7140352559076369e-002 -3.0962674559579012e-001 -9.4848481878731339e-001
4.9574344695492123e-001
-1.0180478156928685e-001 -9.4779430288694633e-001 3.0219488060633559e-001
238
2.8302655224065254e-001
5.7392233988556585e-003 8.1987049700953241e-001 -5.7252024370158328e-001
2.9593556803119423e+000
-1.4900105349240980e-001 5.6683946941423380e-001 8.1024175526341624e-001
239
-1.1751609406618684e+000
5.8681347085012013e-002 3.9285739437514544e-001 -9.1772521333406742e-001
2.0607554114211726e+000
-8.9040935334476906e-002 -9.1358544056294677e-001 -3.9677872249676815e-001
240
1.6182585658913031e+000
1.6071792501407864e-001 7.9428748314163988e-001 -5.8589857714769034e-001
1.8923414485019712e+000
-2.8635071529968104e-001 6.0560742469169160e-001 7.4245734894716886e-001
241
2.0306403778378521e+000
1.7679143048229010e-001 5.1096662107216861e-001 -8.4122404997605515e-001
3.5257815584290078e+000
2.0329063639472583e-001 -8.5521409182056340e-001 -4.7674078313666080e-001
242
-1.3489921155387763e+000
1.4821110798926753e-002 9.9443218754063667e-001 -1.0433100717346437e-001
7.4707419696620736e+000
-4.2167856155378108e-001 1.0082611610376163e-001 9.0112223645705525e-001
243
-1.7729427288281654e+000
9.1203847477721131e-002 9.4957680091188246e-001 -2.9997626135282041e-001
9.1292128629087159e+000
-4.2497299797743232e-001 3.0953812225249488e-001 8.5063746793946982e-001
244
-2.9936847934362438e+000
-1.4488148741348680e-001 9.8776358012137844e-001 -5.7727501164115846e-002
1.4165174575403405e+001
-4.0630738562288055e-001 -6.1957221989021750e-003 9.1371544882131317e-001
245
-8.2811536998572954e-001
-1.7445281332193230e-001 9.8465934460017546e-001 3.4915634916000068e-003
6.5557055801387216e+000
-3.5892722806449717e-001 -6.6892565411673252e-002 9.3096542881386413e-001
246
-7.2022302810083882e-001
-8.1234489393759796e-002 9.6213601441969376e-001 -2.6018310377409637e-001
1.0642724378115513e+001
-4.0053075199780652e-001 2.0752722084450026e-001 8.9247272748954609e-001
247
2.5919208590010037e+000
1.2196106439063202e-001 -5.4371894069010107e-001 -8.3035848421482295e-001
3.5899206303124238e+000
-1.5097757020721622e-002 -8.3752332107843241e-001 5.4619295526644807e-001
248
1.1435222059960757e+000
-3.4295301664281928e-002 9.6545929896506133e-001 -2.5828699991607834e-001
3.3619445646862727e+000
-6.8507158222381112e-002 2.5556015014704164e-001 9.6436288757350830e-001
249
1.3483398520945040e+000
-2.6915506310874686e-002 7.3760113862975940e-001 -6.7470001912858402e-001
7.4117810818030421e+000
-3.1040592806634154e-003 6.7487962009481028e-001 7.3792131233395541e-001
250
-1.0194293782152641e-001
-4.9692020170750396e-002 6.4012294104314960e-001 -7.6666376168540662e-001
3.8188087689863517e+000
-3.7910790390200698e-002 -7.6826778643506111e-001 -6.3900499238907471e-001
251
-1.1770148886081688e+000
-5.1315916035176615e-002 6.3861487002974604e-001 -7.6781360012594280e-001
3.0244765600856773e+000
-6.5248077766207196e-002 -7.6932780624244013e-001 -6.3551350488405001e-001
252
-1.0013035308389244e+000
-2.7385988785132105e-002 7.1972656628834997e-001 -6.9371728924471987e-001
3.5879158823484318e+000
9.7292961121428490e-002 6.9260184672809910e-001 7.1472845306805233e-001
253
-9.0694074686243453e-001
-4.1884997561146484e-002 4.2952904238695228e-001 -9.0208117635024954e-001
5.6687160141701975e-001
-1.0536494039283889e-001 -8.9973784479071184e-001 -4.2352100300619999e-001
254
-1.5536193658967234e+000
3.8910456139777005e-002 2.3794601832578588e-001 -9.7049867015153568e-001
2.0183435967250811e+000
-1.0929948323196374e-001 -9.6439304578556428e-001 -2.4083121933351595e-001
255
-2.6503730241111874e+000
7.4075911853320811e-002 3.7110494888170242e-001 -9.2563160933419319e-001
2.2937807837544235e+000
-8.2546409063276413e-002 -9.2271478841637899e-001 -3.7654151110930034e-001
256
-5.9595495435686896e-001
1.0088170151622795e-001 4.1898376028772127e-001 -9.0237214657498799e-001
5.1500278243218975e+000
-7.1807891065253926e-002 -9.0156735940170429e-001 -4.2663792991504929e-001
257
-1.5590904587663168e-001
1.1813103979433469e-001 3.7648343468238249e-001 -9.1886086043909043e-001
1.1242841530822860e+000
-4.9350777936606777e-002 -9.2197068379870695e-001 -3.8410227665661711e-001
258
-2.8991689550900224e-001
1.1477585518660458e-001 2.9334195899087728e-001 -9.4909272369014497e-001
1.6246334095608246e+000
-5.7621118856097178e-002 -9.5183209621387044e-001 -3.0115688150676673e-001
259
-1.2184386058635835e-001
1.1485225443707588e-001 3.3910199932691981e-001 -9.3371237204141555e-001
4.9883559752521134e-001
-3.5875933292236442e-002 -9.3790319920170473e-001 -3.4503696372652337e-001
260
2.3794704170204095e-001
8.6962097936513744e-002 -3.1332876541002325e-001 -9.4565462949700130e-001
1.5619533135955463e+000
-7.6074904390365003e-002 -9.4856759421667491e-001 3.0729810953532921e-001
261
1.0745608292400997e+000
1.0864917665352973e-001 -1.5026657305036889e-001 -9.8265727160399519e-001
2.7161441577602412e+000
-4.8565487702067235e-003 -9.8857753127030834e-001 1.5063491826779518e-001
262
-6.4221228066970615e-001
1.3277831973349918e-001 -3.3752125470824923e-001 -9.3190628307191792e-001
3.3573164766605466e+000
2.0260011706211362e-002 -9.3911060822006187e-001 3.4301719702401123e-001
263
1.0631554898140840e+000
1.2003491749881937e-001 -5.6931099202751967e-001 -8.1331212516333073e-001
4.6798398792261420e+000
1.8284599548605333e-002 -8.1782872263819184e-001 5.7517115178643219e-001
264
2.8158338149489435e+000
1.4016591639466608e-001 -5.5260041748426281e-001 -8.2157549530001328e-001
9.5635589763627831e+000
5.0800505935593945e-002 -8.2466042185682809e-001 5.6334225584417696e-001
265
2.1329908807736251e+000
7.1704175283696048e-002 7.8965561681840013e-001 -6.0934597567723103e-001
4.8796732646830083e+000
-2.2731021398872420e-001 6.0777955350260260e-001 7.6087717863041282e-001
