#vertex_ID
#Mincurvature
#MincurvatureDirection
#Maxcurvature
#MaxcurvatureDirection
0
3.0680712767456420e-001
9.6611842174984142e-001 1.2866954972112521e-001 2.2373945143885154e-001
4.5563556057057653e-001
1.1541655544650216e-001 -9.9074834354384012e-001 7.1391445523965785e-002
1
3.2176117763268430e-001
9.7102634585819492e-001 -6.3584232963200371e-002 2.3035815802302839e-001
4.5085343722010751e-001
-8.7174302469359782e-002 -9.9177555773036818e-001 9.3711707260073288e-002
2
3.4586169072871659e-001
9.7000138385634593e-001 -9.4631920514210363e-002 2.2392435092362359e-001
4.3855317711048275e-001
-1.3413591876379669e-001 -9.7655750162427601e-001 1.6835379805262524e-001
3
3.7317532992220609e-001
-4.7142897206788192e-001 -8.7357294273863406e-001 1.2093402337631695e-001
4.3591158701376792e-001
-8.5239497107416573e-001 4.1617429998021860e-001 -3.1657821359570432e-001
4
2.4724010513763997e-001
-1.2113957234542354e-002 -9.5381819537506540e-001 3.0014013762170033e-001
3.0946179554443387e-001
-9.7994361954583842e-001 -4.8384122354640201e-002 -1.9331187034264649e-001
5
3.2434585293419449e-001
9.6721044589429661e-001 1.6627579136159054e-001 1.9197998479016734e-001
5.4530974098056906e-001
1.6964375457834721e-001 -9.8550481232009846e-001 -1.1231324450897556e-003
6
3.8503176413162921e-001
9.7247117788760151e-001 1.5350714141822844e-001 1.7531504701965800e-001
4.9471725690990498e-001
1.4122598153544763e-001 -9.8669281901227057e-001 8.0576069952362564e-002
7
3.1699925265358153e-001
2.8696223477432437e-001 -9.0391816246923129e-001 3.1715080225592063e-001
3.6263146422070491e-001
-9.4216408811420804e-001 -3.2616007107048284e-001 -7.7113157808641572e-002
8
2.0637482384043451e-001
1.3429498736013684e-001 -9.2833439037919396e-001 3.4664119202603544e-001
3.7332012614069665e-001
-9.7607614275467636e-001 -1.8428653963509362e-001 -1.1538559205756874e-001
9
4.1577501358174351e-001
9.8239625267733388e-001 1.2109739099635733e-001 1.4224283679471289e-001
5.9081833267005668e-001
1.3717075971567239e-001 -9.8450845944673460e-001 -1.0921206873254891e-001
10
4.1038308002410306e-001
9.6153750372909241e-001 -2.0115189533313119e-001 1.8703888346093916e-001
4.6460709332314865e-001
-2.2242008465513674e-001 -9.6975762438520452e-001 1.0049604912018464e-001
11
3.8286364501990283e-001
9.3705766680024583e-001 -2.7981347208866980e-001 2.0887161111209634e-001
4.1828029664498173e-001
3.1511448439425627e-001 9.3535848445627856e-001 -1.6064671574792899e-001
12
4.9711508983799002e-001
9.6595331871061096e-001 2.2930321676056414e-001 1.1980910172109066e-001
5.3810677019664588e-001
2.3188420369891591e-001 -9.7271152383102888e-001 -7.8744829187187143e-003
13
5.0224518013143060e-001
4.1087116090796694e-001 9.1166787337187094e-001 -6.8247927257878219e-003
5.3496527038985098e-001
-9.0608160848388042e-001 4.0750135236048435e-001 -1.1383657844313623e-001
14
4.5363540158314714e-001
-5.2389141453507482e-001 -8.4900646097412669e-001 6.8744563425969976e-002
5.4581137194753515e-001
-8.4788208401913445e-001 5.1207256568728099e-001 -1.3739599364542943e-001
15
4.4344175803095642e-001
8.2706299099211317e-002 -9.7520065902219011e-001 2.0528843789165901e-001
4.8736117210266272e-001
-9.9206472790370048e-001 -1.0014010548524289e-001 -7.6023252513693393e-002
16
3.6257037462308028e-001
2.8629372261043606e-001 -9.1500241411412264e-001 2.8426481765984779e-001
4.9992887058852686e-001
-9.5345654098492560e-001 -3.0137107716133044e-001 -9.8029742262412817e-003
17
2.3585212317636345e-001
1.2870930072225578e-001 -9.3584227883871118e-001 3.2807490767438408e-001
5.1533828785668168e-001
-9.8628275878468419e-001 -1.5527664280468007e-001 -5.5995391983453220e-002
18
1.2078243451898671e-001
7.7641421718067136e-002 -9.2922013711599638e-001 3.6127793512990253e-001
4.7042572138562411e-001
-9.9118373235827240e-001 -1.1096639502568117e-001 -7.2396601324435539e-002
19
-8.7727839891277026e-002
-9.6021812481784430e-002 -9.3354686866365144e-001 3.4535497033632567e-001
5.1653658635768895e-001
-9.8888452198809629e-001 4.9899201254053921e-002 -1.4006238569502566e-001
20
-5.0540711457165122e-001
5.5682073631292304e-004 -9.4719645397134711e-001 3.2065334480521668e-001
4.3776365446633370e-001
-9.9909622041571200e-001 -1.4155401196040690e-002 -4.0079508081036830e-002
21
3.8048438500606130e-001
8.9079919752176673e-001 -4.5159420172215342e-001 -5.0393121212196842e-002
5.4879492939789620e-001
4.5203209275923778e-001 8.6939607066051694e-001 1.9954312675649166e-001
22
4.6869462250387772e-001
9.9191639845381407e-001 -1.2327366147863016e-001 3.0090909990666631e-002
5.7463014235163579e-001
1.1952385122506702e-001 9.8729695209118373e-001 1.0468417922392496e-001
23
1.4432552088358006e-001
4.9126478940498569e-002 -9.3883103438212234e-001 3.4085609565900843e-001
4.5992706275356243e-001
-9.9859281512237330e-001 -5.2992868222094390e-002 -2.0360509740631437e-003
24
-5.7324753970707326e-002
1.0449095690216639e-001 -9.2796110273473587e-001 3.5772871248615556e-001
4.6958110041891576e-001
-9.9425880508042908e-001 -1.0580591445936818e-001 1.5954215287952291e-002
25
4.6411827938948924e-001
9.6019970348648598e-001 -2.7875738586677329e-001 1.7630917423297546e-002
5.0874413305641886e-001
-2.7853333393870638e-001 -9.6032243067097822e-001 -1.4142525770648433e-002
26
4.4735094742386772e-001
8.5717360056611946e-001 5.1393695100401338e-001 -3.3499684852443284e-002
4.9754926395127819e-001
-5.1502108092010135e-001 8.5502059546617148e-001 -6.0770614087435219e-002
27
4.6861400199135578e-001
8.5437155678716714e-001 5.1366710322708287e-001 -7.8710545769738072e-002
5.1701802013089204e-001
-5.1965239829051235e-001 8.4354757178074968e-001 -1.3560560126233609e-001
28
4.3242328584564343e-001
4.3546387929237296e-001 -8.7102375423296741e-001 2.2735177455552216e-001
5.0436075594760033e-001
-9.0016064122528150e-001 -4.2386686967958076e-001 1.0023820018796806e-001
29
2.7522727997690577e-001
1.8894925226435189e-001 -9.3284692610688136e-001 3.0674874493905419e-001
4.7143950962478676e-001
-9.8194304945622846e-001 -1.8243643962392639e-001 5.0047908267460979e-002
30
-4.6397807904236205e-001
1.2858163146563125e-003 -9.4464396398771100e-001 3.2809469361449473e-001
3.4346413893329081e-001
-9.9928516294279424e-001 1.1182453301411339e-002 3.6112544365560779e-002
31
3.9599829555085120e-001
6.5584294803360799e-001 -7.4082239140352402e-001 -1.4509380382962495e-001
5.2604341249992403e-001
-7.5442962196538121e-001 -6.4998103522871920e-001 -9.1436313049980067e-002
32
4.4000211683851298e-001
9.9938008845975013e-001 9.3348481209681888e-004 -3.5193286238817782e-002
5.5956875207600654e-001
1.1384986698719729e-003 9.9826863804685539e-001 5.8808418724320903e-002
33
3.9995487027102927e-001
9.9743627819952085e-001 -5.7093066618988421e-002 -4.3142237720449436e-002
4.6782480097197199e-001
-5.5881501456374424e-002 -9.9802233869058432e-001 2.8786616153300113e-002
34
3.6290901988661878e-001
-7.9789290256457410e-002 -9.5404864851217031e-001 2.8883359470891212e-001
4.1671877856576184e-001
-9.9541036557694729e-001 9.1618201656199952e-002 2.7646143080949825e-002
35
2.1045818674786904e-001
6.7085455301642338e-002 -9.4257400286052329e-001 3.2719075601010122e-001
3.8959394909126749e-001
-9.9672209849246340e-001 -4.8449110235097667e-002 6.4789984520816024e-002
36
-4.4193506104242775e-002
1.3005789432626103e-001 -9.2181349155987780e-001 3.6516411502447255e-001
3.9654809323002610e-001
-9.8910518733087993e-001 -9.5007252774478565e-002 1.1244798937905040e-001
37
1.2698166039420467e-001
1.5554473817165965e-001 -9.2538711254260209e-001 3.4563640775701748e-001
3.9635895088132000e-001
-9.8732739814343395e-001 -1.3449128749126193e-001 8.4241928184602147e-002
38
4.1350692924847798e-001
9.9439956184167744e-001 -9.5470958956022076e-002 -4.5329983510886913e-002
4.8806148654106374e-001
9.0081435812878252e-002 9.8996404470233645e-001 -1.0888767202250536e-001
39
4.4234197613565618e-001
9.9202208509385126e-001 -1.2141913726981562e-001 -3.3905394713846661e-002
5.1148595307919886e-001
1.1186451307474657e-001 9.7185411356073859e-001 -2.0733044318097896e-001
40
1.4520000869433589e-001
1.7504276473559055e-001 -9.2298668203051926e-001 3.4271798217778682e-001
4.5562669220376506e-001
-9.8004799813203103e-001 -1.3005344052007739e-001 1.5030643354923046e-001
41
1.3035299422542454e-001
-1.0460422270017330e-001 -8.2376569386373066e-001 -5.5719658847349296e-001
5.4957134362860605e-001
-9.8574322394920211e-001 1.1635998029564415e-002 1.6785380540246675e-001
42
3.5933107505586920e-001
2.3455543994171055e-001 -9.4750204244571101e-001 -2.1730997481698064e-001
4.7994581059775826e-001
-9.6620907255260624e-001 -2.5181231010321237e-001 5.5050781988232607e-002
43
4.4593650012868463e-001
9.9379484822666864e-001 -1.2608687742762668e-002 -1.1051163120476659e-001
5.0636823844081214e-001
2.5978498211281061e-002 9.9238658098117716e-001 1.2039099434416341e-001
44
4.4487735534324468e-001
9.4989241651624268e-001 2.9745990480166556e-001 -9.6031255746851757e-002
5.3131561030123120e-001
2.9302051268323454e-001 -9.5436036472596386e-001 -5.7751825832433226e-002
45
4.5722543938800708e-001
9.6495629246378778e-001 -2.4346661219449722e-001 -9.7894649399625805e-002
4.8144216752416313e-001
-2.3552397558173865e-001 -9.6805599173927714e-001 8.6000312696278336e-002
46
4.4416464319813437e-001
9.5992191440851571e-001 -2.6727168893288539e-001 -8.4354979303258512e-002
5.1439721997542165e-001
2.4976357001695831e-001 9.5232921159625394e-001 -1.7517771500062870e-001
47
4.2657482456998574e-001
7.1822137265537445e-001 6.4693660918201257e-001 -2.5618564276928063e-001
4.5441236265500229e-001
-6.8383459398334379e-001 7.2429919668997855e-001 -8.8096093817416218e-002
48
3.1400926062544721e-001
-3.8651264526647112e-002 -9.5213746727366100e-001 3.0321662745335970e-001
4.5236188122403886e-001
-9.9282187199009608e-001 7.0962693620866435e-002 9.6275784141978557e-002
49
2.3331732345675477e-001
1.1131230840517034e-001 -9.3840738177431560e-001 3.2711031140730784e-001
4.8547057720583847e-001
-9.8691535921225026e-001 -6.5746133239941384e-002 1.4722608367728421e-001
50
4.0302067299935684e-002
6.7603340274311155e-002 -9.2421934991987253e-001 3.7583025638902978e-001
4.3423932352307504e-001
-9.8520999829732858e-001 -2.3920388734340881e-003 1.7133457737714772e-001
51
2.2045425892764003e-001
-2.9102959673224904e-002 -8.3473779666150139e-001 -5.4987801243817780e-001
4.2802710752428863e-001
-9.8387091999486398e-001 -7.3212067689147231e-002 1.6321153737753930e-001
52
3.5971821314456848e-001
9.7569250880752889e-001 1.7576355701051197e-001 -1.3088659321673402e-001
4.3151430392739626e-001
-1.3727190236068593e-001 9.5575671778698434e-001 2.6016441191548290e-001
53
3.4542397687788395e-001
9.4116624900349199e-001 -2.6965687110843073e-001 -2.0369404409728761e-001
4.3309135009819455e-001
-2.9552634728732519e-001 -9.4909164276419311e-001 -1.0903775352682402e-001
54
4.0428420027246348e-001
9.7323398642255288e-001 -1.3377006475793499e-001 -1.8687208846353681e-001
5.2238095459941924e-001
-1.4654958242942406e-001 -9.8760152560408876e-001 -5.6271187247454779e-002
55
4.6217731507356807e-001
9.8145957343862444e-001 3.9019825167021821e-002 -1.8765542611288394e-001
5.0207302016221111e-001
4.0525089554363777e-002 -9.9916973511282525e-001 4.1901731678835978e-003
56
1.8158276335962328e-001
1.1397628685131789e-001 -9.2938515583637493e-001 3.5107355090718972e-001
4.7551467725499341e-001
-9.7578065820161963e-001 -3.8310260387499309e-002 2.1537045068591909e-001
57
2.2386885155078828e-001
-3.5256160028960495e-002 -8.4769417753500897e-001 -5.2931236954491900e-001
3.2482681745393260e-001
-9.7628916989714010e-001 -8.3977163924409737e-002 1.9951765004822464e-001
58
2.7259580091142999e-001
2.4868450452212071e-001 -8.1309007082919582e-001 -5.2634642007860222e-001
4.3138650596618477e-001
-9.4169645434101590e-001 -3.3011856659895522e-001 6.5034758923280644e-002
59
4.1282399748234710e-001
9.7870132544210919e-001 3.7742586492612092e-002 -2.0179002141510038e-001
4.3570496163879668e-001
3.9315044179669134e-004 -9.8329697472916400e-001 -1.8200798037779639e-001
60
4.5847413379793261e-001
9.6993733217131584e-001 1.3335577488161743e-001 -2.0356278875598588e-001
5.0417488384495901e-001
1.5082830003184194e-001 -9.8587482816619065e-001 7.2812410328111074e-002
61
4.2647008124319319e-001
9.6892571022604124e-001 1.1799932109214775e-001 -2.1739164722857626e-001
4.7541404334812554e-001
1.5533512159643548e-001 -9.7423302675009882e-001 1.6352678553668942e-001
62
3.9283965969692286e-001
1.5116439864323761e-001 -9.5993011407070805e-001 2.3597351691032159e-001
4.4258040439036889e-001
-9.6985591835638552e-001 -9.7869033554753015e-002 2.2316171244223382e-001
63
2.8388268997209931e-001
1.8423597795673122e-001 -9.3946164003530697e-001 2.8890990174879483e-001
4.8624974879295668e-001
-9.6363904310908111e-001 -1.1476980226531627e-001 2.4130413814063462e-001
64
3.2618926915632646e-001
-1.7373368564980232e-001 -9.4776630909439252e-001 -2.6749884077529773e-001
3.5575941755747437e-001
-9.6011882630482714e-001 1.0258964027283997e-001 2.6009076316495877e-001
65
4.3066053482170907e-001
9.4058553565080616e-001 -1.6773367020446103e-001 -2.9523594971518496e-001
4.4576855252788505e-001
-2.2699782391071988e-001 -9.5723909710968447e-001 -1.7934686756236839e-001
66
3.8320980709482516e-001
9.0650008250869785e-001 -3.4034423288527504e-001 -2.4984676014200749e-001
4.9874611364653604e-001
-3.5745398542224538e-001 -9.3359141150706815e-001 -2.5173888575137901e-002
67
3.6261956432341097e-001
9.1546551349850869e-001 -3.1878951394752791e-001 -2.4555272222480143e-001
5.0542845429168137e-001
-3.1444302638401334e-001 -9.4751430749112353e-001 5.7811938715799670e-002
68
3.8393435320195568e-001
9.5214034342138176e-001 -1.7885284310919569e-001 -2.4787179537246753e-001
4.8565879031836556e-001
-1.6050101144977927e-001 -9.8268838881819232e-001 9.2536240497995859e-002
69
4.3340012158290103e-001
9.4278308898769259e-001 1.7769165306050647e-001 -2.8210941769364856e-001
4.9475905707680184e-001
2.0972735617817531e-001 -9.7383678578231936e-001 8.7500575584815943e-002
70
4.3964644102135197e-001
9.3867073708201232e-001 1.7292080027282816e-001 -2.9832137734147796e-001
4.6814004603184944e-001
2.3088542785981708e-001 -9.5778140811001511e-001 1.7130876650301874e-001
71
3.3410048006271786e-001
3.6802321649415004e-001 -9.0814646460345694e-001 1.9957181902648979e-001
4.3087375354381985e-001
-8.9333955663181341e-001 -2.8581623363721392e-001 3.4677588893449995e-001
72
1.9879765201234367e-001
2.8873048192612574e-002 -9.3419153900212093e-001 3.5560162477822838e-001
3.8353239734917566e-001
-9.6751367050119996e-001 6.3270572234453953e-002 2.4477363436943206e-001
73
1.4672309427708058e-001
1.7100315760571316e-002 -9.2235961750948137e-001 3.8595377338309855e-001
3.9329782660723106e-001
-9.7228244326454372e-001 7.4684334196401581e-002 2.2156060287237342e-001
74
2.4486412261923213e-001
-4.3915700744625190e-002 -8.5498946447381774e-001 -5.1678276564421410e-001
4.5129738865023711e-001
-9.5797711739272451e-001 -1.1073272514695208e-001 2.6460934627003568e-001
75
2.4206617457733481e-001
1.1162241868964087e-001 -8.6184549574271241e-001 -4.9473505749428459e-001
4.4111745325481622e-001
-9.4872343028797490e-001 -2.4058067417802823e-001 2.0504826757294034e-001
76
1.6624975786485247e-001
-7.0854209607160878e-002 -9.0563975557515408e-001 -4.1808649117463675e-001
4.0744455850398381e-001
-9.5163659634395947e-001 -6.4241943776228369e-002 3.0043428758837715e-001
77
1.4293633968615393e-001
-2.3356930788048205e-001 -9.1605859585138671e-001 -3.2600924432141221e-001
4.2733022346812188e-001
-9.2385943355184696e-001 1.0452903325300285e-001 3.6818124374342148e-001
78
1.9090218878445470e-001
-2.3854678997112844e-001 -9.2243506243387896e-001 -3.0365932323423922e-001
4.0958576569548283e-001
-9.3439909166128576e-001 1.3283036903171991e-001 3.3053657976911038e-001
79
2.5299557502694425e-001
-1.9005215276812035e-001 -9.3916063485240020e-001 -2.8610746437630669e-001
4.1199519073738056e-001
-9.4492313249952420e-001 9.5886316492143006e-002 3.1293144293415953e-001
80
4.4921404745746529e-001
9.5734638591095234e-001 3.3276573897315684e-002 -2.8702015088298977e-001
4.8541347246041910e-001
-1.3586409295677906e-002 -9.8706315166077696e-001 -1.5975526318698902e-001
81
2.5628150627986518e-001
1.2164079744934106e-001 -9.4207151663800492e-001 3.1257762865447919e-001
3.5716744628563463e-001
-9.4510308998079107e-001 -1.3705172183058986e-002 3.2648478917737189e-001
82
2.1073295564292954e-001
-1.2058561800494509e-001 -9.0663332952023501e-001 4.0432055912780190e-001
3.2682873983603106e-001
-9.4995924689106459e-001 2.2361698774881653e-001 2.1811206302336150e-001
83
2.4523007689836013e-001
1.2598244476510609e-001 -8.3806484582120444e-001 -5.3082552482872170e-001
4.6524436181242074e-001
-9.2151177104112225e-001 -2.9700615402328756e-001 2.5020671514759396e-001
84
1.5035025754467612e-001
-2.6946248648563997e-003 -8.8936183852388218e-001 -4.5719608394457861e-001
4.4873302588386832e-001
-9.2686333945749999e-001 -1.6940650031498922e-001 3.3500117555124925e-001
85
1.8588215553650678e-001
-3.5109897979984284e-001 -9.0403930969392432e-001 -2.4380818877068550e-001
4.3012563647862645e-001
-8.7640149460038141e-001 2.2562482732499178e-001 4.2545723352269560e-001
86
3.5535827034316458e-001
-4.2663799576776790e-001 8.1879665041964989e-001 3.8412506534828483e-001
4.1698135361047151e-001
-8.5463915650678945e-001 -5.0395279216074362e-001 1.2499398161013245e-001
87
3.4103816819226829e-001
8.6711836028257006e-001 -3.1897103493376056e-001 -3.8257447397095484e-001
4.4507378693976629e-001
-3.7227459308825972e-001 -9.2530199589278295e-001 -7.2303829343976944e-002
88
3.9662729090669324e-001
9.5274184879301915e-001 4.9579469406356026e-002 -2.9970793411560565e-001
5.1062946973179579e-001
2.7293220097958627e-002 -9.9657213742238515e-001 -7.8096447102690633e-002
89
3.4302284888879625e-001
9.4719504417396660e-001 -1.2100568137965600e-001 -2.9694978256621529e-001
4.9031452773593392e-001
-1.1216067461612642e-001 -9.9259153370570041e-001 4.6712207027931746e-002
90
3.2159741082306148e-001
9.0822033516422362e-001 -3.2067533073328391e-001 -2.6889246001568068e-001
4.9172615283555021e-001
-2.7731375373107681e-001 -9.4236887697277505e-001 1.8718435218962745e-001
91
3.7761368243549603e-001
9.2675951209471408e-001 -2.5598409708041131e-001 -2.7493444452067928e-001
4.6349121571594437e-001
-1.8942975236187060e-001 -9.5047011465684772e-001 2.4642023063117091e-001
92
3.9452719230409777e-001
8.4884924030904396e-001 3.3987110039215918e-001 -4.0489826172136301e-001
4.3265012690896881e-001
4.1781677727579741e-001 -9.0057252133642263e-001 1.1999280995386655e-001
93
1.0795680024262128e-001
-2.1962427972363127e-001 -9.1367535598130822e-001 -3.4199783570704856e-001
4.2648640011070865e-001
-8.9948344370037969e-001 5.3905717670384073e-002 4.3361700625246064e-001
94
1.1284048421894277e-001
-4.6430233651311981e-001 -8.6484142949908716e-001 -1.9097811950700871e-001
3.7585594625108887e-001
-8.0296935967232608e-001 3.2005562717183400e-001 5.0279678095932401e-001
95
3.2386904213216006e-001
6.1092127191924162e-001 7.9012834810988775e-001 4.9723163914985269e-002
3.7992367255603054e-001
-7.1578213601117713e-001 5.2441816113297512e-001 4.6113070385866273e-001
96
3.0448974903845660e-001
9.2961836064779146e-001 -2.0098658527100487e-002 -3.6797519953377783e-001
4.2166725234891245e-001
-1.0983742251110903e-001 -9.6824141283504295e-001 -2.2459810125492088e-001
97
3.8111449834529648e-001
9.1206515454319703e-001 -1.6482935427800513e-001 -3.7545763787195768e-001
4.8155276266297159e-001
-2.0020032190598130e-001 -9.7809936469997127e-001 -5.6933855325759342e-002
98
4.6155096569434673e-001
9.3040149477910483e-001 2.8108443171170568e-002 -3.6546268473717064e-001
5.0943792811733968e-001
8.1384911966962334e-003 -9.9839371048658665e-001 -5.6069276987198297e-002
99
4.7717572851568391e-001
8.5651652135494372e-001 -4.1453916532614066e-001 -3.0746825699042940e-001
5.4836349152426078e-001
-3.7032700468518154e-001 -9.0856024139060909e-001 1.9332924601606297e-001
100
4.0137900794764025e-001
-6.5860975651854170e-001 7.3920734945778466e-001 1.4073266545540966e-001
4.9564621253675611e-001
-6.6440155557618352e-001 -6.5905848357570695e-001 3.5243792102274929e-001
101
3.9109854962860158e-001
7.4007220679563868e-001 -6.5514972881829747e-001 -1.5189457382653471e-001
4.4407645865190160e-001
-5.5942369216213850e-001 -7.2506160039607559e-001 4.0166006557630562e-001
102
3.4819544679879333e-001
-2.6638909447927639e-001 9.3474891257514114e-001 -2.3511980091455931e-001
5.1094824177804565e-001
-8.9484682507219893e-001 -1.4919763807570016e-001 4.2070087289051095e-001
103
1.9253042174297963e-001
1.2234124031616428e-001 -8.4794386769352159e-001 -5.1577496852683169e-001
4.3372915860108041e-001
-8.9975975677543396e-001 -3.1409147571301932e-001 3.0295036717559876e-001
104
2.5466350081283673e-002
3.1289642309191074e-001 9.0361508199879115e-001 2.9253309556459794e-001
2.8445794766425114e-001
-8.4514646008160166e-001 1.2434960035143916e-001 5.1986982784537061e-001
105
-3.7418705653410128e-002
6.3345161090917845e-001 7.7116241904929350e-001 6.3620594799235430e-002
2.3235377520655234e-001
-6.5161121583710702e-001 4.8728931964122629e-001 5.8133634185287075e-001
106
1.1020772016908323e-001
9.0415879976114988e-001 3.3657198464870541e-001 -2.6308965005128659e-001
3.2104871781287425e-001
1.9343816174902509e-001 -8.7165730202757452e-001 -4.5032790875224193e-001
107
2.1322311700358793e-001
9.2562111118236789e-001 1.2383080988913958e-001 -3.5761919559178929e-001
3.9640979155834660e-001
2.9710266480142966e-004 -9.4519123878654099e-001 -3.2651712642856995e-001
108
2.9283906623507150e-001
8.2352421519748009e-001 -3.8284240816615195e-001 -4.1861624131526004e-001
5.0330775753926482e-001
-4.1900744480514568e-001 -9.0796246412248205e-001 6.0765897091643595e-003
109
4.3431153927661703e-001
-1.9508681272079768e-002 9.8330613764410879e-001 -1.8091006336422905e-001
5.6520335175616521e-001
-9.0436617696053956e-001 5.9798280818648353e-002 4.2254701937288819e-001
110
4.2839326870377259e-001
-6.7908399697358401e-001 7.2947535381501960e-001 8.1918454763462378e-002
4.9710323165562642e-001
-6.1772589740515371e-001 -6.2817990345015873e-001 4.7308004034872042e-001
111
-3.9277240225391391e-002
8.6201845298796509e-001 4.6944263659574259e-001 -1.9117478299784410e-001
2.6042909777365641e-001
3.1138772355899602e-001 -7.8805159730968710e-001 -5.3104836464713545e-001
112
-4.3361577904218962e-002
8.9945410626151001e-001 -6.9511494174645833e-002 -4.3145157654934607e-001
4.8299299994975980e-001
-1.9494631133124382e-001 -9.4741613428572924e-001 -2.5376880066987439e-001
113
2.0909011952475315e-001
8.5687128579439742e-001 -2.4536056315261678e-001 -4.5339805208060485e-001
5.1821995258090281e-001
-3.2575174996037304e-001 -9.3934710998549098e-001 -1.0729773697362074e-001
114
3.0997439433426144e-001
6.5272094845786555e-001 -6.5644387785867475e-001 -3.7820206063178707e-001
5.4819562737783434e-001
-6.2040125222334896e-001 -7.4965995643067895e-001 2.3046092068733243e-001
115
4.7475948888720598e-001
-5.7050806656465780e-001 7.6702495852773900e-001 2.9358688489129786e-001
5.7280376746860706e-001
-6.8298957663775695e-001 -6.4161580988596079e-001 3.4907648260597607e-001
116
4.9752595018914347e-001
-9.1506822884380723e-002 9.9393851826583590e-001 -6.0932120208647536e-002
5.9919577433843674e-001
-8.9027780834049242e-001 -5.4243248561992335e-002 4.5217595464806754e-001
117
4.4407796468507710e-001
-6.7663269123602721e-001 7.1765796004719784e-001 1.6472781650828000e-001
5.2716517264417695e-001
-5.8179809526047221e-001 -6.5820690571218898e-001 4.7778095988022795e-001
118
-1.5212662616083589e-001
7.3900017259605533e-001 6.7257087288351169e-001 -3.9078969430006272e-002
2.1511519915652666e-001
-5.1826786149930293e-001 6.0460147255022900e-001 6.0485988718630868e-001
119
-2.5850889829421553e-001
8.8798145484418878e-001 4.0643498280508150e-001 -2.1517328041611267e-001
2.0943412854784724e-001
-2.3912794999978576e-001 8.0773509960521517e-001 5.3887088657177717e-001
120
-1.7682183735734214e-001
9.2999589978387964e-001 1.3945153589314180e-001 -3.4008954044812367e-001
4.2232495257132885e-001
1.0456408492739962e-002 9.1482622499726640e-001 4.0371232527467371e-001
121
-1.1752507756484404e-001
8.3264316039360609e-001 -2.9508803438037479e-001 -4.6864530235058832e-001
6.2133840860929257e-001
-3.5647839470621961e-001 -9.3318194329029192e-001 -4.5766962152092333e-002
122
1.5581085808606931e-001
7.8092213750549233e-001 -4.2091754339274606e-001 -4.6150735294041484e-001
5.9114142919538881e-001
-4.3658114609661819e-001 -8.9622018274230053e-001 7.8652952381464608e-002
123
2.2568929503558155e-001
6.4912055335845587e-001 -6.5238580449913042e-001 -3.9119722557251674e-001
5.3474849603645702e-001
-5.6339864443844034e-001 -7.5785613337106894e-001 3.2899247492424522e-001
124
3.6339162196841435e-001
-6.1816435829228333e-001 7.1741934444242439e-001 3.2122003417734085e-001
6.0239454454094643e-001
-5.8637709337851640e-001 -6.9302550214080627e-001 4.1937758373981593e-001
125
4.1983206282987956e-001
-2.8411474466802161e-001 9.5878708703678739e-001 2.4766093226085695e-003
6.9741049966275637e-001
-8.0745888675315702e-001 -2.4066331665729496e-001 5.3860125716420559e-001
126
-3.4471279396058929e-001
9.0787221329385392e-001 -1.1954424803913112e-001 -4.0184227887279067e-001
6.7704645867420987e-001
-2.2146525742515316e-001 -9.5058981698193190e-001 -2.1755950818998360e-001
127
1.2670120023734602e-001
7.1582560757743641e-001 -5.3815264645302008e-001 -4.4495553558979828e-001
5.4042395066762150e-001
-4.9335699046196835e-001 -8.4072296324103080e-001 2.2312278915773981e-001
128
-4.8722081399030126e-001
8.2267733332881354e-001 -3.7693194773773281e-001 -4.2558702048069003e-001
7.4041781517008409e-001
-4.1092720628202462e-001 -9.1157517552411016e-001 1.3020388067884026e-002
129
-2.0795106754636608e-001
7.5417939757515140e-001 -4.7065018716204271e-001 -4.5793213208674943e-001
6.2884661843900469e-001
-4.5939121973591346e-001 -8.7644943942222397e-001 1.4420848576286802e-001
130
-1.1303082836341308e-002
1.1604590397962718e-001 -8.1166628563764920e-001 -5.7247811218310607e-001
2.5532546186081173e-001
-9.9181122752715856e-001 -1.2564010068596820e-001 -2.2914057927191110e-002
131
-1.7236606130025811e-002
-9.1332033340734559e-002 -8.2439737713991079e-001 -5.5859414985361444e-001
4.9215564338297663e-001
-9.9338310410297515e-001 3.6202222015875959e-002 1.0899269518573615e-001
132
2.7930025911966072e-001
-2.9900957260712430e-001 -7.9414049967034162e-001 -5.2908802885025197e-001
4.7914639296839423e-001
-9.4909950188672976e-001 1.8996718962273440e-001 2.5124211905092986e-001
133
3.1434828841894219e-001
8.8693480175884729e-002 -8.0009020018300681e-001 -5.9328672507094427e-001
5.4215443875259728e-001
-9.8561305192930782e-001 -1.5653309486388239e-001 6.3751879022745872e-002
134
-6.3525558172032065e-002
1.6220746290789352e-002 -8.2283363568040602e-001 -5.6805078591859648e-001
4.9346900063786781e-001
-9.8454327324742108e-001 -1.1223186202413488e-001 1.3445650690781036e-001
135
2.9404806303136366e-001
-6.0123456136818527e-002 -8.7113104840984690e-001 -4.8735599567310672e-001
3.7827706315437248e-001
-9.1662418129126655e-001 -1.4512048999362073e-001 3.7247839354266793e-001
136
3.6086765519932651e-001
-3.7344936886525104e-001 -8.7713785056191840e-001 -3.0193502613271517e-001
1.3815451455321326e+000
-8.1978545527116720e-001 1.5972474282385010e-001 5.4994528260155118e-001
137
3.9855871068500726e-001
4.6430113871065026e-001 8.6288764651472927e-001 1.9962304998237279e-001
2.1309337117199472e+000
-7.3618016275513554e-001 2.5069019027734651e-001 6.2864393456433654e-001
138
9.4108493125761250e-002
-1.9431456969025790e-002 8.8474789630182860e-001 4.6566466311021504e-001
4.9557986879503640e-001
-8.7919497110557587e-001 -2.3689152195760130e-001 4.1339885051518627e-001
139
-1.4543427440708873e-001
6.2812788494809801e-001 7.7624368890414575e-001 5.3861819381755438e-002
2.4669070679678584e-001
-6.2998916523705684e-001 4.6670982305759878e-001 6.2072183201935249e-001
140
-3.1789677379756237e-001
6.8522374722599322e-001 7.2826809098671874e-001 9.6955602276900810e-003
6.0157347328450550e-001
-5.7216185552885124e-001 5.3001181321326796e-001 6.2587402001694104e-001
141
-3.7833082075168883e-001
7.8502518967367796e-001 6.1432126513879992e-001 -7.9654471161826695e-002
7.4568856639454983e-001
-4.3978773319803238e-001 6.4325829562781889e-001 6.2674198426029337e-001
142
-4.9423129736007831e-001
9.0251873392087445e-001 3.4580402305676416e-001 -2.5667004608956306e-001
8.8857573557892561e-002
-1.6702170050256265e-001 8.3042157593505683e-001 5.3151082564964636e-001
143
-4.9854967824927277e-001
9.0807644995154968e-001 3.6592249450641079e-001 -2.0371030670438833e-001
2.6232146593819161e-001
-2.0162094417257309e-001 8.0829860148144184e-001 5.5317480574778977e-001
144
-4.3784926498160970e-001
9.3749632300710950e-001 2.3868063868305128e-001 -2.5324335542319798e-001
3.7514712212482482e-001
-8.7635143369120969e-002 8.6619452927534279e-001 4.9196251798296714e-001
145
-1.3856313908868068e-001
9.1290299535346187e-001 -7.3811898234725726e-002 -4.0144728764018728e-001
4.8577636682777703e-001
2.2832415907149400e-001 9.0759199393478429e-001 3.5234195170285521e-001
146
-1.8894621232375386e-001
9.3701662433788901e-001 1.9727500035933884e-001 -2.8824021223217616e-001
3.2540608503134183e-001
-5.1167803366422668e-002 8.9385470600595340e-001 4.4542745812271778e-001
147
-8.4545211727010972e-001
8.9963850381031707e-001 -2.5717537800884721e-001 -3.5286171145073336e-001
9.1830759834217357e-001
-3.2062014841086256e-001 -9.3767697748932555e-001 -1.3403210928534792e-001
148
-2.9087937141376887e+000
8.9827776599474862e-001 -2.7445028876970418e-001 -3.4318230448802223e-001
1.0912118160723787e+000
-3.0511862212417412e-001 -9.5156958990520535e-001 -3.7655570646118422e-002
149
-8.7091253231085286e-001
8.5428472008568612e-001 -3.3435196789244553e-001 -3.9800298817291518e-001
7.0942309707899565e-001
-3.5976556667400078e-001 -9.3297119038485721e-001 1.1554001367370670e-002
150
-1.0096715040237163e+000
8.5659007860050862e-001 -3.0931100425518354e-001 -4.1301348632922918e-001
8.4799041268444353e-001
-3.1456406451505420e-001 -9.4751143429394880e-001 5.7197300618057861e-002
151
-7.5982275331713933e-001
6.3863030417328304e-001 -6.7672809854240290e-001 -3.6632009941405563e-001
1.3447138357105806e+000
-5.9370959644312049e-001 -7.3616528930367242e-001 3.2491473022284934e-001
152
1.4364343169931937e-001
6.0616579238130075e-001 -6.9926762443322665e-001 -3.7892983726048990e-001
6.0405856595175766e-001
-5.7311649392365793e-001 -7.1437960870043560e-001 4.0149627528243137e-001
153
2.6764743230990495e-001
7.3411511224390424e-001 -5.0042690820284819e-001 -4.5896395449060889e-001
4.8133900729230072e-001
-4.0109740418389717e-001 -8.6497532734143612e-001 3.0156020202857392e-001
154
1.7726137708689566e-001
6.5034349214300413e-001 -6.6708433923847232e-001 -3.6338935946173989e-001
1.1175073274198537e+000
-5.1155686755963137e-001 -7.3823325367460879e-001 4.3968310681851175e-001
155
2.8805258861674654e-001
-4.9134636099394646e-001 8.4557404415980786e-001 2.0876611166861844e-001
9.9899248387565798e-001
-6.5964227608502901e-001 -5.1780042322699693e-001 5.4475204387620724e-001
156
2.7644003701511211e-001
-2.8228596737450562e-001 9.5902880090858078e-001 2.4049774454018638e-002
1.6493517427153648e+000
-7.7138585252750980e-001 -2.4181536588366911e-001 5.8863332843371530e-001
157
1.1159535620566507e-001
-6.0101219862265820e-001 7.6966146228031052e-001 2.1541952229845027e-001
1.8952558399321620e+000
-5.7735621109256807e-001 -6.0447160732895044e-001 5.4888421497251039e-001
158
2.2430867906087659e-001
-6.5795310180091915e-001 7.4112939313210546e-001 1.3351006878204652e-001
3.4940749742381101e+000
-5.7210425816459842e-001 -6.0721910248772859e-001 5.5134533585034728e-001
159
3.4442335294414828e-001
-6.9897008317754039e-001 7.1144229703661577e-001 7.2737066273299789e-002
1.6556870863999988e+000
-5.6930474536795006e-001 -6.1509389296972239e-001 5.4548291424469530e-001
160
2.0354126425515373e-001
-4.3245147724177546e-001 8.8985365234259406e-001 -1.4541732099014837e-001
1.5876777483935725e+000
-7.9532572492391418e-001 -3.0047871674916554e-001 5.2646892791030409e-001
161
2.3012714739272139e-001
-5.6537374244587935e-001 -6.6159519841352243e-001 4.9258940791384531e-001
4.5212391439820215e-001
-7.5105614831285938e-001 6.5979688581164442e-001 2.4139833361236235e-002
162
1.0340818652945630e-001
2.4707819720422500e-001 -9.2979042500249820e-001 2.7284085112018003e-001
3.8056342994004722e-001
-9.0799821444246220e-001 -1.2383503049129888e-001 4.0025507840940600e-001
163
-2.3726400949933391e-001
4.3068091701322220e-001 -8.8304826350598431e-001 1.8638592232171283e-001
2.5576737472972551e+000
-8.3408106272689397e-001 -3.1056875857447769e-001 4.5591208253114190e-001
164
9.6114082110951848e-003
8.8331912181697392e-001 -4.6034460768732782e-001 -8.8488254619978252e-002
3.0247285316876344e+000
3.6002071089869203e-001 7.8709329756548796e-001 -5.0086847440369675e-001
165
-1.1745754635394845e-002
1.7186391338609575e-001 -9.1796942583488128e-001 3.5748416539476946e-001
5.5526310240640842e-001
-9.6515306396424771e-001 -8.4210221496747603e-002 2.4776642572369104e-001
166
-4.4099860717673134e-001
-2.1822060097200530e-001 -9.3563695427381410e-001 2.7742252812026158e-001
4.5101272206004461e-001
-9.7429860173719263e-001 2.2515033449965985e-001 -7.0399948609645158e-003
167
-5.9685395604300129e-001
-1.4356992044276301e-001 -9.5273867896525832e-001 2.6772502226649103e-001
3.9799637084441419e-001
-9.8959317979065342e-001 1.3557353374492331e-001 -4.8219865820403898e-002
168
-2.6502133229418687e+000
4.2419865101640813e-001 -8.8205383688043681e-001 2.0502812811992263e-001
-1.8727102143257346e-002
-9.0555367010614940e-001 -4.1185195804000557e-001 1.0173748186335606e-001
169
-6.5050995472653111e-002
6.3090118333830980e-001 -6.5401041010485839e-001 -4.1741356031733701e-001
4.8051168551950107e-001
-5.7113898882701952e-001 -7.5562430908933353e-001 3.2067453742839847e-001
170
2.0886149543575527e-001
7.3242469254246589e-001 -6.7610664382959762e-001 8.0211445090786815e-002
3.0256630838606200e+000
6.1612522388107471e-001 6.0804941710915061e-001 -5.0066517239640107e-001
171
2.1739423841568284e-001
-2.7795499391081024e-001 9.5837187400098511e-001 -6.5302162934170807e-002
3.2616202722629493e+000
-7.9017228017374819e-001 -1.8945657583650011e-001 5.8286702901890752e-001
172
3.2364623463825448e-001
-5.3821931098659503e-001 8.4279470281315760e-001 4.1306405310235217e-003
2.0506551558826516e+000
-6.9609065253775082e-001 -4.4728472598344871e-001 5.6159965932279521e-001
173
2.7377242630307164e-001
-7.6904524998664056e-002 -8.3316895498619903e-001 -5.4764512823719613e-001
3.2117633330340944e-001
-9.5579069477591205e-001 -9.4747418798820982e-002 2.7836500212982973e-001
174
-1.5524295189946877e+000
-4.0913604702612370e-002 -9.7429981278457178e-001 2.2150835595567650e-001
2.8918439838613719e-001
-9.9489886690397367e-001 6.0184369515547544e-002 8.0957311585833011e-002
175
-1.0736935020166516e-001
-8.5853770388530218e-002 -9.0956570500918621e-001 4.0659483319542467e-001
3.8176457879903558e-001
-9.7247359206040795e-001 1.6523463081374756e-001 1.6429433807947155e-001
176
-2.7087022160478180e-001
2.6832084620509952e-002 -9.3191174328431359e-001 3.6169122461529180e-001
3.5144129309913796e-001
-9.9333688591928182e-001 1.5711050597452033e-002 1.1417089804896999e-001
177
-2.6837397348864311e-001
9.4331620788533010e-001 1.8813969367311389e-001 -2.7341906957165257e-001
7.3620993919779354e-001
-6.3645615881724654e-002 9.1106447469446894e-001 4.0732144373790052e-001
178
1.5888287356677130e-001
6.9067929074222734e-001 -5.6623351604612249e-001 -4.4982410189524002e-001
5.1834625053028849e-001
-4.8536238292290762e-001 -8.2407800488308502e-001 2.9209381902277753e-001
179
1.6070177289692542e-001
-1.4866709766632713e-001 -8.3279413381483269e-001 -5.3324668283550869e-001
4.2293138510408934e-001
-9.6242945795723023e-001 -2.0506005223303314e-003 2.7152409376269016e-001
180
2.0545934126957960e-001
1.2422150265634586e-001 -8.1476250430418307e-001 -5.6633124570146731e-001
5.7893328030160696e-001
-9.2694155263278022e-001 -2.9893674709227042e-001 2.2675135995319401e-001
181
-3.4108621462737938e+000
4.7070145461293372e-001 -8.7066889551303861e-001 1.4274387906797803e-001
2.6553753421806991e-001
-8.8122500789862979e-001 -4.5598187181799371e-001 1.2459140430791502e-001
182
-4.8637819892237397e+000
2.6977492735280711e-001 -9.4544963307987839e-001 1.8261018558916958e-001
1.6818117188867960e+000
-9.6261708364017118e-001 -2.6957825594149387e-001 2.6380185890819367e-002
183
-8.4961763852097416e-002
-3.9068432141016746e-001 -8.7779219357897964e-001 2.7721223980206960e-001
6.2795829917361679e-001
-9.0731030771595855e-001 3.1635664179613832e-001 -2.7695934846804193e-001
184
2.2968162278289184e-002
-1.6111759503861989e-001 -9.2845995392264247e-001 3.3466884308363115e-001
3.3537551821186218e-001
-9.7455830569467539e-001 9.6135694588174475e-002 -2.0246984226687539e-001
185
2.2395287952370985e-001
-2.0947338926815817e-001 -9.3434785942802279e-001 2.8829668185878005e-001
2.8016483359125050e-001
-9.5776999911928928e-001 1.3666646447096420e-001 -2.5298005114246397e-001
186
2.0190137659004170e-001
-1.2922758246815694e-002 -9.5028353009662159e-001 3.1111768632849801e-001
9.5521071609972141e-001
-9.7473622644708768e-001 -5.7414114014365983e-002 -2.1585390513872349e-001
187
2.3394803863962821e-001
-2.0550497730875589e-001 -9.4669482512972203e-001 2.4806574204015527e-001
1.1373207111073902e+000
-9.4600676654724880e-001 1.2723517341604085e-001 -2.9813152851150948e-001
188
3.0594740191898917e-001
-3.1985733671039579e-001 -9.2798583265218137e-001 1.9113759062353600e-001
1.4152213390969661e+000
-9.0854269493774920e-001 2.4318261613860898e-001 -3.3972398602870879e-001
189
3.2490152217623602e-001
9.4872017040783324e-002 9.7370670575665963e-001 -2.0710999866526814e-001
2.1710360614448181e+000
-9.4543343917480527e-001 2.2988175732851997e-002 -3.2500331670088500e-001
190
4.0021971334495771e-001
-5.6142884292043305e-001 8.0114387762523820e-001 -2.0728275779866628e-001
9.0019690613841008e-001
-7.8481470498171846e-001 -5.9490997829291936e-001 -1.7363178445197333e-001
191
4.3189342761483890e-001
-3.2428278181591980e-001 9.3860055283099098e-001 -1.1776960407119735e-001
9.6904924662985903e-001
-9.0504497939983142e-001 -3.4406166975260977e-001 -2.5003030350380367e-001
192
2.6977374414440192e-001
9.2611534117636485e-001 3.0046600365227177e-001 2.2810207251802422e-001
4.9571594513533834e-001
2.9220368625833926e-001 -9.5379078238880100e-001 7.0001065471868920e-002
193
3.0370495191844715e-001
9.6593462426917631e-001 1.1313588115168262e-001 2.3274572828302834e-001
5.8801980738658277e-001
1.2089251767990726e-001 -9.9247818271642607e-001 -1.9288753223402542e-002
194
3.9550693231865292e-001
9.8613883012258885e-001 3.8513800211985180e-002 1.6139050442229555e-001
5.5693103665049137e-001
-6.2799228152883441e-002 9.8696242758919595e-001 1.4819387123171909e-001
195
3.1917320256478671e-001
9.9435055473903167e-001 -2.5008061687837958e-002 1.0315799116305498e-001
8.3340873606042032e-001
3.0891777950865745e-003 9.7825627806075444e-001 2.0737673788366490e-001
196
1.3951043063240814e-001
5.8783771380791150e-001 -8.0074449299295414e-001 -1.1513070470793266e-001
9.4267361810672456e-001
-8.0247762052515337e-001 -5.5917196078021769e-001 -2.0822196530024165e-001
197
2.4183696429680906e-001
3.9840689361497655e-001 -7.4600456810569460e-001 -5.3361890098224651e-001
3.7266141631434530e-001
-8.9850658490949042e-001 -4.3432048285789143e-001 -6.3652455132324981e-002
198
2.4636746796990580e-001
5.5227015107253907e-001 -6.5313961458492165e-001 -5.1807945731728744e-001
2.9028352527760859e-001
-8.1297742794227590e-001 -5.5952651706580492e-001 -1.6123826579497616e-001
199
3.1093100818399128e-001
-1.8010666645923548e-001 -8.5030207069239161e-001 -4.9451792411718803e-001
1.2395195038940643e+000
-9.7365327253082601e-001 8.2627083630306408e-002 2.1253722013041287e-001
200
1.8812360401066042e-001
-1.3201538177849179e-001 -8.3683901830247520e-001 -5.3129313605619743e-001
9.5524956156807606e-001
-9.8514530453911098e-001 5.1382862523386502e-002 1.6385521164566524e-001
201
1.3051586157695300e-001
-1.5336149112198832e-001 -8.2416791857649152e-001 -5.4518574360499772e-001
6.3559299030391991e-001
-9.8404427464245736e-001 7.7011156479275283e-002 1.6039372594065082e-001
202
2.7744129935335371e-003
-1.6346434753014072e-001 -8.1898352840366839e-001 -5.5004125962515105e-001
6.0459526184854484e-001
-9.8390496043398512e-001 9.4542296833513562e-002 1.5163371308136442e-001
203
-2.1167830883140532e-002
7.8172664120176413e-002 -8.1734412430565373e-001 -5.7082187856403876e-001
2.7667739394410851e-001
-9.9500092025921405e-001 -9.9658219053779820e-002 6.4349093502214100e-003
204
-5.5109244727646750e-003
5.1510271932461951e-002 -8.1815353306316607e-001 -5.7268795012790552e-001
2.2521973261084766e-001
-9.9726377213043638e-001 -7.2587426940426608e-002 1.4001223030189643e-002
205
1.7552318289791244e-004
-2.8450828832001512e-001 -7.9536762694696639e-001 -5.3520591540262952e-001
4.9317363787745816e-002
-9.5723663102247059e-001 2.0513433020014338e-001 2.0400475191055983e-001
206
1.0056063556526362e-001
9.9361842769055619e-001 1.0113791431170775e-001 4.9935382670255657e-002
6.1201155374577143e-001
-1.0994031529725230e-001 9.6735138232536755e-001 2.2835154955800396e-001
207
1.4746322505545539e-001
-4.7021826266985378e-001 -8.5394883025473611e-001 -2.2285910517255547e-001
3.7071222797649139e-001
-8.4557780646813563e-001 3.6359604718116839e-001 3.9089140139272116e-001
208
2.5825564822563646e-001
9.4871003006036592e-001 2.2172317204532563e-001 2.2536218369775024e-001
4.2969533764708495e-001
1.8901604134592526e-001 -9.6920387082484427e-001 1.5785053972683696e-001
209
2.5084079981524010e-001
1.4713720072478262e-001 -8.5105387158456069e-001 -5.0404161715458062e-001
6.1304594467401319e-001
-9.7001150170557049e-001 -2.2382608697171313e-001 9.4760589644824075e-002
210
1.8653500235025178e-001
-2.9361954535937185e-001 -9.2306078614718656e-001 -2.4848812378118540e-001
2.4684634623789564e-001
-9.3654356055204724e-001 2.2570206762442627e-001 2.6822515888438414e-001
211
2.5781644519601643e-001
1.3730146417470701e-001 -8.9752808040991094e-001 -4.1903657693712365e-001
4.4836130671074959e-001
-9.6301286972067546e-001 -2.1997453581871967e-001 1.5561946004175756e-001
212
3.1783426634688905e-001
9.7688137728057711e-001 1.8112834690692067e-001 -1.1355745976891496e-001
5.2070900928283492e-001
-1.3655256071419589e-001 9.3737260597753502e-001 3.2044655673806288e-001
213
-2.2247330796309162e-001
-3.8573351621795698e-001 -8.8365063655943099e-001 2.6527571877999595e-001
2.4792034756424526e+000
-9.1008058328340014e-001 3.1720226951390629e-001 -2.6671342700691592e-001
214
1.5157620271142072e-001
1.7617650367379944e-001 -9.0889030287316208e-001 3.7799504877234524e-001
3.9372927907013766e-001
-9.6952102123097406e-001 -2.2663918740795067e-001 -9.3078827465290406e-002
215
2.5595143727988517e-001
9.4947326347803884e-001 2.3610178568671747e-001 2.0677637373720031e-001
5.5561149765752482e-001
2.5115493093886965e-001 -9.6668182329473107e-001 -4.9471741192991886e-002
216
1.9979282609600785e-001
4.5689683276564913e-001 -8.6382619013577056e-001 -2.1224890445945258e-001
5.4122287724668050e-001
-8.8919371626745558e-001 -4.4999613627452495e-001 -8.2692274660153678e-002
217
3.3407373250839362e-001
-6.7077065239693878e-001 -7.3307529007601058e-001 -1.1254932679922176e-001
4.6424819722601701e-001
-7.3291439753613352e-001 6.3193765011885927e-001 2.5197478494186820e-001
218
1.9335660754164394e-001
-1.1681326849348758e-001 -9.1495452673387800e-001 -3.8628082312361006e-001
2.8175722965892724e-001
-9.5773461520870862e-001 8.3242609984561511e-004 2.8765207090826778e-001
219
1.8471223460294267e-001
3.7028233363523771e-001 -7.8007806322506412e-001 -5.0435028370436719e-001
3.0761884758137853e-001
-8.9530713623782765e-001 -4.4443200006427469e-001 3.0088687583353785e-002
220
3.6705436136271025e-001
9.6266537419990583e-001 2.9216285608013970e-003 2.7067848345058432e-001
4.5194751123054661e-001
-4.2525326889255061e-002 -9.8589334893696345e-001 1.6188236807886480e-001
221
1.8974754690162016e-001
-3.5894609870923960e-001 -9.0086698705515111e-001 -2.4412367737601962e-001
3.2598783299129391e-001
-9.0757172692471511e-001 2.7582309512171144e-001 3.1659940095390199e-001
