#vertex_ID
#Mincurvature
#MincurvatureDirection
#Maxcurvature
#MaxcurvatureDirection
0
3.2001486695584154e+000
4.4951707179615558e-001 1.7574436476489468e-002 8.9309884186821320e-001
3.9905719017930084e+000
-2.0474802196902891e-001 -9.7116115131444869e-001 1.2216491180926051e-001
1
2.3202561481670485e+000
4.1062472891922502e-001 6.6902410320088437e-002 9.0934668828416343e-001
3.9612248809559412e+000
-2.1785232418796699e-001 -9.6122220001540415e-001 1.6909242160264609e-001
2
2.3724473318312449e+000
3.9914569571854930e-001 7.8803586922174140e-001 4.6870265884597845e-001
3.1691545437064801e+000
-2.2556106492828021e-001 5.7987254841014113e-001 -7.8286016221848231e-001
3
7.4426492690322466e-001
2.3276145668036413e-001 9.6790387449361970e-001 9.4784988390956643e-002
4.9058826962685158e+000
-3.9158955114134114e-001 1.8248711593895384e-001 -9.0186255934771220e-001
4
2.2765102492865559e+000
-1.4236584678709749e-001 7.1582309378775832e-001 -6.8361485067888517e-001
2.9811138718922017e+000
-4.1216768219388339e-001 -6.7079551095105783e-001 -6.1656401471609645e-001
5
2.5894160987104855e+000
4.5162702226819329e-001 7.6241566152763862e-001 -4.6341708191923447e-001
3.0042209599813154e+000
-5.9704021129371143e-001 -1.2772159172499556e-001 -7.9197864940009199e-001
6
2.0040939439837704e+000
-3.8189321856463010e-001 -7.1453320695991862e-001 5.8617392108991173e-001
3.1062144629863759e+000
-6.7662246938320336e-001 -2.1587955307595807e-001 -7.0397304812719996e-001
7
2.0264205181738606e+000
-5.2454121979521529e-001 -7.4350443797396437e-001 4.1479833587993920e-001
3.5267681694414246e+000
-5.3802833465692246e-001 -8.8111273843712423e-002 -8.3830896125947307e-001
8
1.2789663601648487e+000
-5.0290350088237623e-001 -7.1048965084957594e-001 4.9223218590000578e-001
3.3193663207330575e+000
-6.4602373054385687e-001 -6.9370372279804637e-002 -7.6015859596794666e-001
9
2.0299942767475527e+000
8.1280193799849743e-001 5.1215549303808217e-001 2.7757838629260284e-001
4.5766185368320649e+000
-1.8943291822436823e-003 4.7881782230290365e-001 -8.7791224194793771e-001
10
1.7359548929546122e+000
-5.0629232392598567e-001 -7.0896071216637435e-001 4.9096108943395123e-001
3.1700688913121331e+000
-6.1193035364234083e-001 -1.0579127292210694e-001 -7.8380447106703843e-001
11
2.5371804927521842e+000
4.9192965808619271e-001 7.5768271719148850e-001 -4.2886141300485880e-001
3.8609417062014302e+000
-5.3270635442602143e-001 -1.2767533908764911e-001 -8.3661397773584423e-001
12
2.4361743129495377e+000
4.9880597821090278e-001 7.8939206854601340e-001 -3.5784460065468437e-001
3.6804334935568415e+000
-5.0661883196637392e-001 -6.9440911394973132e-002 -8.5936914007989740e-001
13
3.0637798766570752e+000
7.1810176774157486e-001 6.6162597893977182e-001 -2.1582612251165048e-001
4.2961597236083398e+000
-5.3545716526062503e-001 3.2717445089828517e-001 -7.7861576072570071e-001
14
2.7297244775897647e+000
6.7991265544398005e-001 6.6514821480052100e-001 -3.0870152787894622e-001
4.0930927715187355e+000
-6.1869491844997682e-001 2.9437260436679935e-001 -7.2839643579748814e-001
15
2.4370987409691272e+000
-5.5483303867156897e-001 -6.9840531879767964e-001 4.5209546544240486e-001
4.0216087489633763e+000
-7.1127715369908462e-001 1.1631964067361805e-001 -6.9322042080372193e-001
16
2.3930764158114690e+000
4.2176920049545380e-001 7.1338940806630780e-001 -5.5963049771454476e-001
3.0985340218686468e+000
-5.5678860999499191e-001 -2.8335266608920529e-001 -7.8083142252344362e-001
17
2.4295831574416802e+000
4.9276021129912106e-001 7.7761871280445427e-001 -3.9050801740398250e-001
3.7468766546840762e+000
-4.8344380072651605e-001 -1.2849053814801684e-001 -8.6589391564182594e-001
18
6.8427325314669663e-001
1.9823091491821132e-001 9.6144646419775592e-001 1.9059171244396320e-001
3.9792937107768473e+000
-5.3894011166469036e-001 2.6933428155478595e-001 -7.9812442690235874e-001
19
1.4952254792215993e+000
8.7818082656576341e-002 9.9579324880486764e-001 2.6149378447099393e-002
3.8867004778581120e+000
-6.0987232366009214e-001 7.4502828728255338e-002 -7.8898990953302339e-001
20
1.7594490385291723e+000
5.7442168050800144e-002 9.9763985115185549e-001 -3.7618143539082910e-002
3.6271756430018383e+000
-5.5977516155179419e-001 9.8497648191380946e-004 -8.2864395148398473e-001
21
3.7618021728378874e+000
5.0436388510026786e-001 3.8990446125509082e-001 7.7044894866560842e-001
4.1294991237686638e+000
-1.0600851606423567e-001 -8.5753995864142551e-001 5.0337601636859997e-001
22
3.7700486332166410e+000
5.5649686512782004e-001 5.9963983308955859e-001 5.7510286877673866e-001
4.2898398075418172e+000
3.5515879822993646e-002 -7.0872214823065138e-001 7.0459317260936383e-001
23
3.1858125607717902e+000
4.7046931082273785e-001 2.8522617190553046e-001 8.3504769829878267e-001
3.9358048448655598e+000
-2.1881268471316456e-001 -8.7905459421992305e-001 4.2353751827844466e-001
24
2.6059165684632530e+000
6.9973921548561424e-001 6.2517871453715490e-001 3.4571173714707398e-001
3.4280882456657000e+000
2.5666995336155790e-001 -6.7161443316855851e-001 6.9502128614960534e-001
25
2.2628950393563789e+000
5.7783909002681211e-001 8.1612947221902454e-001 5.8881756497298765e-003
3.1052651437697092e+000
-4.9785072492499127e-001 3.5818865778905590e-001 -7.8983893365858793e-001
26
2.3843368095098896e+000
6.7523030553959218e-001 6.7688241250283310e-001 2.9307718117460724e-001
3.2472549618428399e+000
-2.7194218619392119e-001 5.9779545909495824e-001 -7.5411407389964480e-001
27
2.8498680182350000e+000
7.2453810718436129e-001 6.6788831990810071e-001 1.7020494519266188e-001
4.3420763294727163e+000
-2.4704402673335707e-001 4.8219418863527574e-001 -8.4051056703752169e-001
28
2.3589519407825126e+000
6.9516713215012416e-001 7.0302241330234405e-001 1.5000714907203616e-001
3.8584945726203674e+000
-2.6180602298762551e-001 4.4195260225749106e-001 -8.5798339359525777e-001
29
1.9783455976908237e+000
5.0206144201653802e-001 8.3635370879777926e-001 -2.2010629754842084e-001
3.4279264690064490e+000
-5.8769998306948701e-001 1.4322985681503331e-001 -7.9630015573078328e-001
30
1.6713975551379783e+000
2.7192917616001272e-001 -8.4089573500856289e-005 9.6231726373472093e-001
2.3148081300306571e+000
-5.9021881670535492e-001 -7.8984071202530204e-001 1.6671352085027386e-001
31
1.7077816100082635e+000
5.8573720855634481e-001 4.4385689045036403e-001 6.7816147289001483e-001
2.2761904480025490e+000
-3.1191947471555581e-001 -6.4882764538263182e-001 6.9406694769337718e-001
32
1.5020418216840121e+000
6.6647006215947691e-001 6.7605096066394554e-001 3.1428133070626341e-001
1.6755187318929532e+000
5.6815848501085814e-002 3.7427013726838443e-001 -9.2557756223247267e-001
33
2.4331577508259556e+000
5.4234094525754428e-001 8.4000491176857428e-001 1.6063850778160166e-002
3.2309549579977297e+000
-2.8927452291305211e-001 2.0464993893943315e-001 -9.3511424590020675e-001
34
1.8685376043553470e+000
3.7886692573992253e-001 8.7496393746259760e-001 -3.0149288668280011e-001
3.4127654210253384e+000
-4.8482825649698241e-001 -8.9841677803547099e-002 -8.6998277835342230e-001
35
1.9196449289136628e+000
4.7073999928525112e-001 8.6168276259350607e-001 -1.8949055312111293e-001
3.6727025235487161e+000
-4.5182489272801685e-001 5.0972861694040167e-002 -8.9064922033426630e-001
36
1.3408361293062891e+000
-4.3954745493359582e-001 -7.1187216153537969e-001 5.4775547509116218e-001
3.2344885222398365e+000
-6.7012398916083260e-001 -1.4617470846837083e-001 -7.2771340083535541e-001
37
2.0547210859766576e+000
-3.9172133799140180e-001 -7.2258615146006822e-001 5.6958199329012626e-001
3.3124984191249336e+000
-7.0700503011915616e-001 -1.5977308598181217e-001 -6.8892412382065638e-001
38
1.2313317231485623e+000
-4.5627449103175244e-001 -7.1540007653904225e-001 5.2916568229775440e-001
3.1917757973542216e+000
-7.0029952175246890e-001 -7.8197361820200872e-002 -7.0955320620628881e-001
39
4.6822762766154415e+000
5.0572917171164200e-001 -4.7698619112636897e-002 8.6137265258110229e-001
5.0988006502087728e+000
-2.1347406489509821e-001 -9.7433751778955846e-001 7.1380845083574257e-002
40
3.8057774092714522e+000
5.5817401321762283e-001 6.4927215221243950e-001 5.1661150135276723e-001
4.7550873385370709e+000
2.2441604936402565e-001 -7.1756026176344390e-001 6.5935173278442316e-001
41
3.5449737151703444e+000
-3.9280135898867419e-002 8.3125466106362256e-001 -5.5450226273998993e-001
4.2738784499876106e+000
-5.5218055916912745e-001 -4.8055992919530666e-001 -6.8129199652386307e-001
42
2.9320806497531851e+000
6.0244393241889882e-001 5.9704959710649963e-001 5.2971038019527217e-001
4.6757387651823592e+000
3.3333539741157087e-001 -7.9121953129814016e-001 5.1269792873076969e-001
43
3.3357305214943249e+000
6.2147626953605817e-001 4.7436507291519719e-001 6.2349420526714139e-001
5.5117996947555579e+000
1.7208171028199071e-001 -8.5906785658494178e-001 4.8206877389951208e-001
44
3.3893587470613946e+000
4.2555587112241888e-001 8.3500387094025363e-001 3.4881332553105115e-001
4.2690944727257056e+000
-4.9620935775532571e-001 5.3765851050086244e-001 -6.8168878482929496e-001
45
2.9172375714946708e+000
7.4356483801423934e-001 4.1531432573828481e-001 5.2404708042828763e-001
4.9841946383774562e+000
1.4145973861449129e-001 -8.6368805709473051e-001 4.8376862484358119e-001
46
2.8015065351701045e+000
6.9169213194481838e-001 6.1375294862754293e-001 3.8061701572135276e-001
4.0029452695212244e+000
2.7293523387703356e-001 -7.1010019731842600e-001 6.4904858668424947e-001
47
2.7600864542508270e+000
7.1550173388001848e-001 4.3336900004135348e-001 5.4794943071221869e-001
4.4751034865946169e+000
1.1565886168366440e-001 -8.4699904496198042e-001 5.1885994791227774e-001
48
2.8154962613221191e+000
7.6045329619126434e-001 4.3658620074568683e-001 4.8073201851997371e-001
4.2400089235604899e+000
1.5240252847495583e-001 -8.3958767105861110e-001 5.2140772138588243e-001
49
2.1769062692553449e+000
7.7986190781784392e-001 5.7655875266445326e-002 6.2329062625870812e-001
3.6853593224431869e+000
-1.6559262105503514e-001 -9.4127066027397821e-001 2.9425945687354327e-001
50
2.7998936525693128e+000
6.9460757396497963e-001 6.5964327363945841e-001 2.8703844643654297e-001
3.8433725431324377e+000
-3.4514994357765122e-001 6.5566337171447853e-001 -6.7154825548157437e-001
51
3.1898141786364040e+000
5.8960662312492063e-001 5.4989471087944231e-001 5.9159093714664246e-001
3.9570640420721763e+000
-1.1824238052911273e-002 -7.2649243553883558e-001 6.8707272431622479e-001
52
2.2476796975204638e+000
3.9147561093867161e-001 8.9118553566687142e-001 -2.2920555634265258e-001
3.3962895927315295e+000
-4.3975909493505561e-001 -3.7610111728898887e-002 -8.9732793220630347e-001
53
3.6177281073704037e+000
4.5193123630838333e-001 8.9200788067556447e-001 8.9497743806250529e-003
3.9134027358371481e+000
-3.3374341004213176e-001 1.7837654265657832e-001 -9.2563337519956324e-001
54
2.0448621606581816e+000
7.7773164272871964e-001 9.3919638673824551e-002 6.2154050018471474e-001
4.5863866104640074e+000
-9.8782088730559270e-002 -9.5822892616265387e-001 2.6840160955403169e-001
55
1.8616609619106141e+000
1.5823395320330119e-001 9.8653304707902312e-001 4.1407282869483190e-002
3.3015184435742961e+000
-6.9004002308848034e-001 1.4047905971499056e-001 -7.1000732412957657e-001
56
1.9127014119207046e+000
2.7232608372573429e-002 9.9638087169422906e-001 -8.0520454314878559e-002
4.1219442237475565e+000
-6.6131192933155025e-001 -4.2446870453589185e-002 -7.4890907012298824e-001
57
1.4052230065887557e+000
-7.3380137510009796e-002 9.8506442346895640e-001 -1.5576725276766043e-001
3.3530813916097815e+000
-7.0657017023907331e-001 -1.6157723387180645e-001 -6.8894948437651260e-001
58
1.7380110854820785e+000
6.5399789793893470e-001 -3.5173602861175890e-001 6.6975257794791854e-001
3.1981042841609675e+000
-5.2974432604030919e-001 -8.4496401234740659e-001 7.3530720558623391e-002
59
2.0609724631299393e+000
7.6088403735060861e-001 -1.7913007147006843e-001 6.2367291042674389e-001
3.8101319292309626e+000
-3.4834597252475108e-001 -9.2366326709506985e-001 1.5969111573611999e-001
60
2.2687807277307259e+000
6.8660388181021936e-001 -3.4367366124771437e-001 6.4067427297163215e-001
3.6233940398156896e+000
-5.1124760472325770e-001 -8.5477345546020000e-001 8.9376879031216661e-002
61
1.6307403828082143e+000
-3.9446617523802768e-001 6.4654004244908980e-001 -6.5297963988397889e-001
2.8411504619050629e+000
-7.7235208341164141e-001 -6.1828116289428048e-001 -1.4560447403769206e-001
62
2.0035636862427424e+000
-2.8021225733233346e-002 8.3638321367654256e-001 -5.4742847093342351e-001
2.6038142723024063e+000
-8.5104533674316440e-001 -3.0722758336088757e-001 -4.2583218153392621e-001
63
1.7783604005639131e+000
7.0983940224737052e-001 -2.5165948575790359e-001 6.5787196797337621e-001
3.7832971250306162e+000
-4.0703826325418757e-001 -9.0881274233951315e-001 9.1538252159127531e-002
64
1.7393570136144085e+000
6.8529773689700046e-001 -3.4191159029062457e-001 6.4301125668901427e-001
3.5541049994770342e+000
-4.4365826717527335e-001 -8.9618840170525849e-001 -3.7000832434088970e-003
65
1.2188435190101718e+000
-2.8064819431417881e-001 -8.7714816973883392e-001 3.8967637771874863e-001
1.9972546664283990e+000
-8.7468377267108932e-001 6.6573335391239163e-002 -4.8010029039853341e-001
66
1.8099147982385422e+000
7.4283840245334853e-001 -3.6140894055542022e-001 5.6353765227104891e-001
2.3773505527700811e+000
5.4255866548170173e-001 8.1813226474063605e-001 -1.9049853516778717e-001
67
1.0857964114286447e+000
4.9102428221729016e-001 -6.3133119661217663e-001 6.0026333759212058e-001
1.3635089223478163e+000
-7.8690130592150731e-001 -6.1705614369817785e-001 -5.2962499336746127e-003
68
1.2728924423683590e+000
3.3362318706558797e-001 6.1518484790238537e-001 -7.1431307699321789e-001
1.8257263594313753e+000
-5.9952019430035364e-001 -4.4629970937843205e-001 -6.6437346879205939e-001
69
1.2292548767691538e+000
6.3153175032605113e-001 7.6228297926958422e-001 -1.4174733805613512e-001
3.0263334241669253e+000
-2.3957188046792116e-001 1.7974130251270259e-002 -9.7071223579945354e-001
70
2.6571225568989174e+000
6.3817850010253729e-001 7.5767627297693108e-001 1.3658282239968053e-001
3.8472809120942264e+000
-4.4031461227943880e-001 5.0472534870293972e-001 -7.4254654035279377e-001
71
1.7289633682812577e+000
-3.4904043432669946e-001 -8.5032533024677071e-001 3.9384972761923975e-001
2.6670227072325301e+000
-8.4430477839108342e-001 1.0299844511969383e-001 -5.2587143056921160e-001
72
1.3382539007001375e+000
8.4386096127398127e-002 -8.1399914275693508e-001 5.7470373443310085e-001
2.2390372751557832e+000
-9.2488776297665953e-001 -2.7859068121693709e-001 -2.5878535166255706e-001
73
2.1898584074473506e+000
-3.4033783406632673e-001 -8.3824246218311327e-001 4.2605132706780002e-001
2.7071802972456771e+000
-8.6574314497248561e-001 1.0251496261572213e-001 -4.8987701453839083e-001
74
1.1159433232845524e+000
-1.5042757929716077e-001 -8.7171784678165976e-001 4.6634701563228975e-001
1.7862932891218504e+000
-9.1454231617023851e-001 -5.6456363937860771e-002 -4.0053093626446773e-001
75
2.5410600034180701e+000
8.7805752029841055e-001 4.4887330692055250e-001 1.6591487390108839e-001
2.8723984024451541e+000
-2.1873346688053016e-001 6.8480718833761167e-001 -6.9512213694253711e-001
76
1.9425651564202000e+000
7.8589195840660198e-001 6.1795531629546629e-001 2.2473468223789761e-002
3.1381671530529105e+000
-4.1092800199267360e-001 5.4906996013858778e-001 -7.2777768312288815e-001
77
1.9157798905615933e+000
7.1404573226709034e-001 6.9551270592217196e-001 -8.0004800680792243e-002
2.6079878335987567e+000
-5.4459509740357626e-001 4.7999291385396481e-001 -6.8776666285446653e-001
78
3.3888720596094468e+000
3.7539432905457853e-001 -1.6617299307021527e-001 9.1184737433835317e-001
3.8212077279647620e+000
-3.3142009851772009e-001 -9.4281982462152614e-001 -3.5376497835988285e-002
79
2.7992809411450890e+000
4.8353505273866731e-001 5.2924891621507064e-001 6.9720114562311752e-001
4.7127814933126295e+000
1.2620004646652050e-001 -8.3033482089505750e-001 5.4278691351304786e-001
80
1.9184716223450029e+000
4.2165265619823544e-001 7.2223988197816003e-001 5.4825048144178268e-001
4.5622003365131913e+000
-2.5696501664614224e-001 6.7501697315779408e-001 -6.9160759551131135e-001
81
3.5656559653809006e+000
1.2481611973775725e-001 9.0240688513483613e-001 -4.1241089936476288e-001
3.9071846892426261e+000
-5.4301624226997647e-001 -2.8575272739347157e-001 -7.8960669919788939e-001
82
3.3668915431160067e+000
3.1288906587446391e-001 9.4545092534933284e-001 -9.0680649602301891e-002
3.8418885993733425e+000
-5.1766698263222266e-001 8.9708772569442430e-002 -8.5086616527896675e-001
83
3.4175625325588728e+000
5.8594727398285906e-001 5.4866500336788826e-001 5.9634931557885740e-001
4.0599538961776265e+000
4.3332694800004234e-002 -7.5607826796465238e-001 6.5304512116157887e-001
84
1.7971389866031267e+000
7.0011981565335196e-002 9.9752474396184876e-001 6.5351068195499476e-003
3.4977251605799253e+000
-6.6319698097092228e-001 5.1438660740632261e-002 -7.4667518280190914e-001
85
4.3964195407368294e+000
5.8268210657264119e-001 4.8153257018224127e-001 6.5468156116829368e-001
5.4948938932971352e+000
1.6784924498991502e-001 -8.5949960655274960e-001 4.8279090431778476e-001
86
4.4066252496398430e+000
4.3380700666898769e-001 7.6663026832184511e-001 4.7338093820692478e-001
5.4476731261751734e+000
-3.4273580657319597e-001 6.2630179647298168e-001 -7.0019870510258497e-001
87
1.4736004369174047e+000
-3.2395639023020867e-001 -8.6287742967242853e-001 3.8793659094098820e-001
2.3207993896716754e+000
-8.3592802480234052e-001 6.9049445738640913e-002 -5.4447820102667466e-001
88
1.9296126151492594e+000
6.7186426691696799e-001 7.3461054893745270e-001 -9.4581965669676027e-002
2.6208090150018011e+000
-5.7131754990899819e-001 4.3273015930361780e-001 -6.9738143536736441e-001
89
2.0486144479230264e+000
3.3133317469253198e-001 8.7487796504969317e-001 3.5328016306987303e-001
4.3388811505802742e+000
-4.3250204554207328e-001 4.7360726084471655e-001 -7.6722756928898683e-001
90
1.4399606971503682e+000
-5.2595974539753587e-001 -7.1694653716125856e-001 4.5755219273197589e-001
3.5029035229698224e+000
-5.2978154331332272e-001 -1.4468762412023539e-001 -8.3570150639507368e-001
91
1.7642849365705913e+000
4.4456179719768163e-001 7.0586193583089785e-001 -5.5147414809528894e-001
3.5867202731319847e+000
-5.7110793693586348e-001 -2.5093833883306371e-001 -7.8157896240403257e-001
92
2.3709631759366649e+000
8.3949812522526046e-001 5.3744750024811228e-001 7.9956752187217095e-002
4.0822649925976302e+000
-2.7621843005066171e-001 5.4883303363736080e-001 -7.8897761697576629e-001
93
1.9430699663538795e+000
7.8222020720893715e-001 6.1590829789218582e-001 -9.3747085403002306e-002
3.1351724175421833e+000
-4.0057879688074638e-001 3.8197921280828728e-001 -8.3284362786295896e-001
94
1.9760927075711812e+000
8.6014467926335991e-001 4.6263437516433198e-001 2.1475699208929014e-001
4.0501933108227828e+000
-1.3243597669051355e-001 6.0918634877801980e-001 -7.8189046837810638e-001
95
1.3432260232085633e+000
3.1915160554014999e-001 6.1625452511252321e-001 -7.1998098097066610e-001
2.4135496854831322e+000
-6.2513754386025244e-001 -4.3409396244585219e-001 -6.4866438396479698e-001
96
1.1031407941098528e+000
1.6710200941493547e-001 -1.0374376363382165e-001 9.8046629210625136e-001
2.2425855841573648e+000
-6.3269076595783158e-001 -7.7397010346442174e-001 2.5935952170006021e-002
97
1.7987824984939964e+000
4.2918959578369970e-002 -2.6539004785218950e-001 9.6318538475712101e-001
2.7081603219207624e+000
-6.2934967517034646e-001 -7.5593129715589913e-001 -1.8024111723793670e-001
98
1.7701599269660515e+000
5.2278309484612984e-002 -2.9770177716402102e-001 9.5322643177306754e-001
1.9387257482554854e+000
-6.7962843925967198e-001 -7.0998518712154579e-001 -1.8446197065369824e-001
99
1.9292936974795372e+000
6.5254594232694496e-001 6.8634238592364150e-001 3.2111979452734329e-001
2.1840457474484727e+000
1.8057252238096178e-004 4.2364026698028689e-001 -9.0583049826467832e-001
100
2.0550618261165718e+000
4.8879849147493626e-001 2.9246107360428836e-001 8.2191395848838922e-001
2.2932319574058360e+000
-4.1500806573987670e-001 -7.5075048524189170e-001 5.1394748202507090e-001
101
3.0448895014327544e+000
5.9576076230579056e-001 7.7368750988233614e-001 2.1558467280605498e-001
3.7426052142437545e+000
-3.4669919962774948e-001 4.8985665367126580e-001 -7.9990007115355832e-001
102
2.1701740381518562e+000
5.3531232726091615e-001 8.4448419604343272e-001 -1.6945645912120277e-002
3.7093823047952217e+000
-4.4956139080597729e-001 2.6787444914066894e-001 -8.5213721629452288e-001
103
2.9684134342622239e+000
4.9794518465147991e-001 8.6719497497676989e-001 -4.8444253986495434e-003
4.2478669722761868e+000
-4.3047597505239399e-001 2.4232310501770629e-001 -8.6946532287220546e-001
104
2.0348178331391846e+000
8.3340418849858366e-001 5.3783592722509077e-001 1.2716121255691185e-001
3.5785673437622671e+000
-2.6650696496665943e-001 5.9267165335054095e-001 -7.6007522584215048e-001
105
2.9053156770537325e+000
7.6420081050220035e-001 -2.2152597049396117e-001 6.0574199592275990e-001
3.0772253598524606e+000
5.1475392176971757e-001 7.7535711296377530e-001 -3.6585481737866316e-001
106
2.8836682899220580e+000
7.0914700831951649e-001 -2.5993501525484253e-001 6.5539629876582639e-001
3.1830565476173707e+000
5.7836212018429112e-001 7.4610575742656748e-001 -3.2988400487271197e-001
107
1.8110614428385872e+000
4.6529626332287655e-001 8.5804805049689659e-001 -2.1737739159407476e-001
3.0900112947864016e+000
-6.1212860430439997e-001 1.3453102800329853e-001 -7.7923037305839349e-001
108
1.8078445556569953e+000
5.3878022795558067e-001 8.3245646844588683e-001 -1.2935259605719207e-001
3.4209331853944995e+000
-5.0467311744085130e-001 1.9598883625093635e-001 -8.4076954071703669e-001
109
1.8853306681911781e+000
5.3767519452522339e-001 8.4018903332966421e-001 -7.0624170542579828e-002
3.2284287252065167e+000
-5.0063808732029780e-001 2.5073536270364921e-001 -8.2854890224665889e-001
110
2.5749433446524805e+000
6.1375314973541650e-001 7.8837420964032434e-001 -4.2109105474340741e-002
3.9275261907538321e+000
-3.2788467066331312e-001 2.0601439666114985e-001 -9.2198140497102921e-001
111
2.2495295042580672e+000
6.2525213211764741e-001 7.7982471904736994e-001 3.0547976119968956e-002
3.6780635073075256e+000
-3.3999249060564452e-001 3.0741645438955212e-001 -8.8876331489453753e-001
112
2.6624768508191656e+000
7.0951941441836786e-001 6.7576610768867840e-001 1.9980582639830596e-001
3.5782100851325667e+000
-1.6579197589222633e-001 4.3565839391469424e-001 -8.8471169571867891e-001
113
1.5370304400105794e+000
7.5764956448864484e-001 -1.0154738891262942e-001 6.4471332019370742e-001
4.5022003890527209e+000
-2.5124401604165353e-001 -9.5707565730742583e-001 1.4450823711062305e-001
114
1.5927292510868847e+000
7.7276532433972112e-001 7.6489381576475479e-003 6.3464576516603854e-001
4.8819218470921095e+000
-1.1841425406161754e-001 -9.8063287735470772e-001 1.5600392394442511e-001
115
1.6482625534948134e+000
7.8256014873583046e-001 2.0571268955489985e-003 6.2257158772264154e-001
4.9100001978441572e+000
-1.1962790019472073e-001 -9.8086332077538352e-001 1.5361090928866092e-001
116
2.0034410777271869e+000
5.3602855614783151e-001 8.0529926842628941e-001 -2.5331102476235479e-001
3.2426126140768616e+000
-4.0482125830118365e-001 -1.8111714982229951e-002 -9.1421644844525107e-001
117
1.9549355103289228e+000
4.3244101781619843e-001 8.7746346272561604e-001 -2.0749129545998279e-001
3.8226828465175746e+000
-4.9901625563040319e-001 4.1242074969267892e-002 -8.6561069070849717e-001
118
2.3107176260767974e+000
4.6202320569444838e-001 3.0881077106625471e-001 8.3136662494551139e-001
2.7402960630474760e+000
-3.1782539591866482e-001 -8.1750205298706557e-001 4.8028888293513183e-001
119
1.9658514290346751e+000
3.4101331544649838e-001 8.6187670580523412e-001 -3.7533779809460266e-001
2.8242357106284892e+000
-4.6130984237314049e-001 -1.9446425442521742e-001 -8.6566557230867880e-001
120
2.7295708385035149e+000
4.9043932226922876e-001 2.7707729812619375e-001 8.2625507080754923e-001
3.0828967466109520e+000
-3.3218609228594209e-001 -8.1709332484002950e-001 4.7118032492206408e-001
121
1.8493505541210520e+000
4.0205456956481905e-001 8.5901535966669551e-001 -3.1693017361675391e-001
3.4022616113592750e+000
-6.9190097917146887e-001 5.8332873896036024e-002 -7.1963206629818244e-001
122
2.0875759529684395e+000
4.5376954004306780e-001 8.6527247552429642e-001 -2.1306512532359201e-001
3.5954753443296630e+000
-6.5187796698465617e-001 1.5929671198339579e-001 -7.4140385331560710e-001
123
1.9185716318465609e+000
7.6062567708960249e-001 4.2497727645877358e-002 6.4779821124862735e-001
4.0288546256581643e+000
-5.3533868727773846e-002 -9.9035048131478920e-001 1.2782820134306722e-001
124
2.2666265694238366e+000
6.0021293166242684e-001 6.4765904170023281e-001 4.6934230830933110e-001
2.9222754073947819e+000
4.2669929703083437e-001 -7.5559736868886018e-001 4.9699127391118514e-001
125
1.6063556395725138e+000
6.4847459327236179e-001 5.8037978779146926e-001 4.9258502190319792e-001
3.0332885525013280e+000
4.0437787704824801e-001 -8.1087171223268462e-001 4.2304325884569549e-001
126
3.1254444531167804e+000
6.9030645551818737e-001 3.9763815617427889e-001 6.0445090307173555e-001
5.4254339323742196e+000
1.7798616821655311e-001 -9.0309027869106895e-001 3.9083100242595409e-001
127
2.6900807005632230e+000
7.3449149578653772e-001 2.8174263945287104e-001 6.1736806504012187e-001
5.2338716282778055e+000
9.8797709922732860e-002 -9.4444558061522688e-001 3.1346699630166952e-001
128
1.0079637708665619e+000
2.7313578137740768e-001 9.4836830724020160e-001 1.6122778530299212e-001
2.9044155921057180e+000
-6.9462946584215191e-001 3.1038450638449466e-001 -6.4896175802607969e-001
129
1.5563518558940947e+000
5.5254576650665382e-002 -8.1752383711527155e-001 5.7323791527382306e-001
2.4230005095295963e+000
-8.7583384183382851e-001 -3.1535868709110559e-001 -3.6532722315038396e-001
130
2.0439533663880169e+000
3.7464356321814718e-001 8.6495321469154829e-001 -3.3391336740832395e-001
3.2468714850119760e+000
-7.7341827855964818e-001 9.2925877162542886e-002 -6.2704780339572364e-001
131
2.8754920482007416e+000
-2.4691441899809283e-001 8.1818838857615195e-001 -5.1923119175372556e-001
4.0372424862833869e+000
-8.1858974805018858e-001 -4.6286530203333076e-001 -3.4009783380774744e-001
132
3.6833860519238040e+000
8.7313004111860637e-001 1.0922714093477051e-001 4.7509300455746201e-001
4.3493195941410168e+000
-9.2041936342193195e-002 -9.2010857787679778e-001 3.8069474237493256e-001
133
2.5124389266481089e+000
-3.1169992909425454e-001 7.3180347596321782e-001 -6.0605843511231550e-001
3.3904052108823244e+000
-8.2773194791677607e-001 -5.2233536649561552e-001 -2.0500143244814312e-001
134
1.3651653048785406e+000
3.5853809779440199e-001 -7.0759556291184067e-001 6.0889978795976518e-001
2.3480701105886190e+000
-8.6239330876273501e-001 -5.0077932757168553e-001 -7.4147461710516949e-002
135
2.2179774621089945e+000
8.8981041730547361e-001 4.5319259171829201e-001 5.3421868802177003e-002
3.3075815821560979e+000
-2.6097415528844425e-001 6.0141527332464084e-001 -7.5511069339755155e-001
136
3.3255236488645679e+000
7.4417026013695942e-001 6.4861149281217134e-001 -1.5973025799659002e-001
3.9894790921452206e+000
-5.1884983172345034e-001 4.1064762966861057e-001 -7.4977555066039536e-001
137
2.5286925917557852e+000
5.3385894613558649e-001 8.4281910003737648e-001 -6.8195236220635475e-002
3.8440695758188284e+000
-5.9060167956624376e-001 3.1394931699195605e-001 -7.4338784120660495e-001
138
2.3033626720307039e+000
4.4251858925131099e-001 8.7112272489609588e-001 -2.1289080848320055e-001
3.7940497027400051e+000
-6.9563056558820335e-001 1.8363636237905473e-001 -6.9453279449686522e-001
139
1.9492118315888660e+000
4.3575539914983952e-001 8.6125446816614926e-001 -2.6145357747716536e-001
3.8544721794087078e+000
-7.0751625862016276e-001 1.4820762645205074e-001 -6.9098136244733599e-001
140
1.3539599758169802e+000
-5.2516677938670253e-001 -7.2307113214816010e-001 4.4874045024109060e-001
3.4273543848669914e+000
-5.6549299153554999e-001 -9.7535130536819670e-002 -8.1896555167805429e-001
141
7.9092695693885995e-001
5.9043326855873202e-001 7.2116405074717438e-001 -3.6236855173839166e-001
3.6531617287001796e+000
-4.7410551872248091e-001 -5.3438691181777465e-002 -8.7884484603464907e-001
142
2.9562539413416129e+000
7.4795974099333307e-001 5.8199971016035279e-001 3.1911214835297574e-001
3.4701249383764612e+000
2.8210923098610763e-001 -7.1394033356707376e-001 6.4086159340263393e-001
143
2.5777220853745630e+000
-1.8070855272273653e-001 7.7723572173777644e-001 -6.0270146161064853e-001
2.9589160455852843e+000
-8.0800425777051110e-001 -4.6670998851984041e-001 -3.5959825644813137e-001
144
2.3566225418239553e+000
2.1020465963505575e-001 8.2401074674221875e-001 -5.2613714022205416e-001
3.4818503167276544e+000
-7.8043663672549513e-001 -1.8270344665953908e-001 -5.9794490267525713e-001
145
3.0642763824729982e+000
-4.2537361107924015e-001 -8.1725299737106938e-001 3.8878635429424535e-001
3.5771432338846858e+000
-7.1026591796832483e-001 3.5229738912022024e-002 -7.0305134326648144e-001
146
3.2156397626418491e+000
5.9584824995920971e-001 7.9045210554308054e-001 -1.4195186459873527e-001
4.1192640625171926e+000
-5.2319084356130585e-001 2.4796284576983771e-001 -8.1534395707047014e-001
147
2.5717391582050686e+000
6.7196055887114692e-001 7.1075330138934711e-001 -2.0808352141801084e-001
3.8210620883656015e+000
-4.9321860621944225e-001 2.1989196469862693e-001 -8.4165487602694289e-001
148
2.9719544524917416e+000
7.8228023825326443e-001 6.1623273429740433e-001 9.1076045252088900e-002
4.7548581176962106e+000
-2.8793144227349754e-001 4.8735356617556008e-001 -8.2436762799509988e-001
149
2.6442086349023288e+000
8.2153360413520238e-001 5.5484750529529925e-001 1.3125084054666966e-001
4.5363659413792359e+000
-2.2761465927440561e-001 5.3021872485392141e-001 -8.1673721030554125e-001
150
2.7268891594663414e+000
8.6762980372093101e-001 -6.0538716411928782e-002 4.9351148670560313e-001
4.2044246838307480e+000
-2.4971826638432754e-001 -9.1135197252236178e-001 3.2722831419913251e-001
151
2.5395020395129664e+000
-5.4245529126073033e-001 -8.0862531766897416e-001 2.2774405065333048e-001
3.6627353136967336e+000
-6.6814893356186722e-001 2.5094699029721079e-001 -7.0043030391389483e-001
152
2.5816703651966293e+000
-3.1339877214639239e-001 -8.2796389912813761e-001 4.6503439803703200e-001
3.4615095619847036e+000
-7.8151477007140613e-001 -5.3313637449926232e-002 -6.2160463336601257e-001
153
2.2846540289137862e+000
4.1009775821184685e-001 8.5202161726861236e-001 -3.2539052293604986e-001
3.8451831680611712e+000
-7.2268338658648679e-001 8.5927922045695646e-002 -6.8581711480889385e-001
154
5.1514781594036063e-001
4.7026591055524813e-001 4.1917904910175208e-001 7.7662017625335655e-001
3.2926856290432189e+000
-1.5912644312557600e-001 -8.2530050136760602e-001 5.4180979830617770e-001
155
1.7693899290239181e+000
4.3810885240440856e-001 2.3289126240283900e-001 8.6822940133429272e-001
4.0527661323293156e+000
-2.0780713033652207e-001 -9.1345438052808847e-001 3.4988182472850138e-001
156
1.4621857459437417e+000
4.2256505459687560e-001 2.1161272721393309e-001 8.8128249064339226e-001
3.1294463306762386e+000
-2.8774124264105849e-001 -8.9073341387700666e-001 3.5185076763649747e-001
157
2.3579979581601220e+000
7.6502502957514662e-001 1.3560097805876989e-001 6.2956260917644313e-001
5.1904356482859226e+000
-3.4233167365773809e-002 -9.6763597677865609e-001 2.5001741278503581e-001
158
2.9738541673470573e+000
7.3202804571538060e-001 3.6396148867967620e-001 5.7590535250524888e-001
5.8014195683253460e+000
1.1336256376036208e-001 -8.9862435010337416e-001 4.2381978073111037e-001
159
3.6503206188128701e+000
6.2970062107616442e-001 5.1560568980909005e-001 5.8105757068709218e-001
4.4700234451345935e+000
1.4115302302274632e-001 -8.1146862454299984e-001 5.6709302188779565e-001
160
2.6067088484808019e+000
7.8354379301561972e-001 6.2026096533523134e-001 -3.6543936680424660e-002
3.5326294304899881e+000
-4.3298479410697199e-001 5.0289280490760058e-001 -7.4807953777944569e-001
161
1.4122114878714522e+000
-4.8811174659700590e-001 -7.0798176952757141e-001 5.1040056509630694e-001
2.6526224251335875e+000
-7.1464896558958935e-001 -1.1497294198740571e-002 -6.9938878187159825e-001
162
7.5653709040950345e-001
-4.3328412560158552e-001 -6.9930976962890656e-001 5.6853382714068568e-001
3.0376819577074672e+000
-7.2411420667817950e-001 -1.0545852956549362e-001 -6.8156959602722522e-001
163
1.4462649808328274e+000
9.8450237128949680e-002 9.9505521880877867e-001 1.3140103906238480e-002
4.2113567182299807e+000
-6.0219390584989940e-001 7.0082577848421437e-002 -7.9526783666847867e-001
164
2.8622675480302133e+000
7.5921921571988993e-001 6.4027455099207198e-001 -1.1676764035286324e-001
3.5377944491574471e+000
-5.3714465464433447e-001 5.1512001967741972e-001 -6.6792738027015564e-001
165
2.5149431165414091e+000
8.5887905380105056e-001 5.1195320714658399e-001 -1.5188305835040578e-002
3.3187930879478822e+000
-3.7609883398411581e-001 6.1027819740049993e-001 -6.9721602739279065e-001
166
2.1697753218245421e+000
6.1061768737635291e-001 7.7681032977023035e-001 1.5398620530885432e-001
3.7995785439453695e+000
-1.9199425989787799e-001 3.3385679438565574e-001 -9.2286393634641506e-001
167
2.0601413779556439e+000
6.2288032670751048e-001 6.6064546263413404e-001 4.1900796090489278e-001
2.9175129740632086e+000
2.7164962436159124e-002 5.1701073968224076e-001 -8.5554775428906626e-001
168
1.7730519115669685e+000
4.9779365573615342e-001 8.5349511619933627e-001 -1.5410244298101550e-001
3.5228811453468110e+000
-4.8933679366124888e-001 1.2969163591516408e-001 -8.6239757765370406e-001
169
2.0242321162249972e+000
6.6895745417760921e-001 6.3795243274119240e-001 3.8146116192845481e-001
2.4915608291365565e+000
5.9905481056835297e-002 4.6525691965180743e-001 -8.8314626877740987e-001
170
1.8996403685292682e+000
7.0647982693189482e-001 6.7813209662426543e-001 -2.0254163440205997e-001
3.3138516241720337e+000
-4.9068186982865447e-001 2.6309248970608545e-001 -8.3067059926405751e-001
171
2.5396716720213894e+000
6.5216617524962384e-001 7.3370482627080391e-001 -1.9067382559545684e-001
3.0783123333032951e+000
-6.4071825896249557e-001 3.9905308104915543e-001 -6.5592434863880833e-001
172
3.0674280996250562e+000
7.0808901893975662e-001 3.5150826491596732e-001 6.1241479485125017e-001
5.8166307354781299e+000
8.8599303967957177e-002 -9.0466511095058666e-001 4.1681074885990654e-001
173
3.2454579959917291e+000
6.9174308881418045e-001 3.7297777000459298e-001 6.1836807983612641e-001
4.2804411596183076e+000
4.7796931957083233e-002 -8.7806463669561419e-001 4.7614908073006856e-001
174
3.3924515908872750e+000
6.7126590793607288e-001 3.8165838652984524e-001 6.3540456154657476e-001
5.6269746736813371e+000
1.0530792500977124e-001 -8.9765614617298128e-001 4.2792953177831461e-001
175
2.4299780881813220e+000
6.0094482999061538e-001 7.9922779973206670e-001 -1.0011765228440411e-002
3.9820720000632264e+000
-2.8351070309736864e-001 2.0142880909156960e-001 -9.3757565886555916e-001
176
2.2575051275781886e+000
5.7099682237588700e-001 8.1987830058138167e-001 -4.1978578732795951e-002
3.9692854616947959e+000
-3.6363921467580340e-001 2.0674700794488421e-001 -9.0830732478374476e-001
177
2.5165321537803051e+000
4.3818976244792490e-001 8.8930822520860198e-001 -1.3084575905300957e-001
3.7740362859839593e+000
-4.4091101194592203e-001 8.5796751474288252e-002 -8.9344076299510888e-001
178
3.6023411557373572e+000
5.8655603033600412e-001 7.2493902003335198e-001 3.6113078034079593e-001
4.2319436073272829e+000
-1.8931699241143390e-001 5.5626173018180458e-001 -8.0915509262404972e-001
179
1.8873442952976496e+000
3.1236938463723601e-001 6.4291432765193890e-002 9.4778266454623072e-001
2.8371626460570813e+000
-4.8288133233070035e-001 -8.4844936944400151e-001 2.1670091457260604e-001
180
1.9788273610906051e+000
4.2171059423531176e-001 2.9413193321932235e-001 8.5769842052458289e-001
2.6077404986318178e+000
-3.4116838172193925e-001 -8.2493964439972833e-001 4.5064256169483402e-001
181
1.3318809857710332e+000
-5.5426959455532783e-002 -8.6065688431911080e-001 5.0615963849326751e-001
2.6117098782604491e+000
-8.9441192373619127e-001 -1.8252586168043924e-001 -4.0830334372417110e-001
182
2.1749587400051320e+000
-3.2373464429066479e-003 -8.6493319648001366e-001 5.0187656372346612e-001
2.7384214152645301e+000
-9.0682016701377899e-001 -2.0900663727183871e-001 -3.6605110336320434e-001
183
2.1262177042585613e+000
6.7672464821460321e-001 -2.7854477196803251e-001 6.8151049919139051e-001
3.5466982530186595e+000
-4.5887599770644483e-001 -8.8345290717085057e-001 9.4571557776572196e-002
184
2.4534677130032150e+000
7.4550942850610619e-002 6.8710368443335257e-001 -7.2272448675701950e-001
2.8635538275272148e+000
-5.4182194918971349e-001 -5.8052286666100184e-001 -6.0780109958764661e-001
185
1.2753900367652302e+000
6.8200271298249593e-001 -4.5656784884845902e-001 5.7133011375421616e-001
3.7149329427891016e+000
-6.0221389667345782e-001 -7.9385273920086719e-001 8.4476334654443180e-002
186
3.3119595368351882e+000
8.3663132841925625e-001 4.8785794274090793e-001 2.4908361650666644e-001
7.0920993112239774e+000
3.1980954184712029e-001 -8.0421582049942641e-001 5.0095785351860633e-001
187
2.4858414022581865e+000
8.0087140007712476e-001 5.8944932367073932e-001 1.0561484442356456e-001
3.4473413439128997e+000
-2.9828457487386800e-001 5.4559676090876541e-001 -7.8316695977178397e-001
188
2.0317003414065749e+000
7.1319398827096958e-001 6.9807542758285002e-001 -6.3600569959468112e-002
3.3359726175188609e+000
-4.9681740244435540e-001 4.3939134208597580e-001 -7.4840344542788406e-001
189
2.2265465119978858e+000
8.9438793268569583e-001 4.4243035224785687e-001 6.5769364266689057e-002
2.8808816415996059e+000
-2.6199611316960114e-001 6.3735819368962465e-001 -7.2466031326458080e-001
190
2.6977000461392979e+000
7.0765091455068263e-001 4.6780805248803126e-001 5.2951469211244540e-001
3.4184635137815649e+000
9.4504193998123598e-002 -8.0535701720285702e-001 5.8520853732569733e-001
191
2.6050056113650086e+000
7.5339523043720058e-001 6.4189826802883732e-001 -1.4269632180282765e-001
3.0205813375975286e+000
-5.6338900062659480e-001 5.1820231399448524e-001 -6.4347431630464280e-001
192
2.7809521001312980e+000
7.5586330116055511e-001 5.1074425786414646e-001 4.0964737643181637e-001
3.8295273415316959e+000
-2.0216503963839283e-002 -6.0716931922837425e-001 7.9431524645774776e-001
193
3.4158276715554079e+000
7.7550374399689037e-001 5.7119495775304208e-001 2.6894286248998367e-001
4.6332579581628908e+000
-1.1796263549293701e-001 5.4957735369797922e-001 -8.2707288005948243e-001
194
1.8159857911315418e+000
5.4563115489858949e-001 8.2314128036516399e-001 -1.5724209157484004e-001
2.1262662261697218e+000
-3.0736934332571481e-001 2.2013578079832397e-002 -9.5133563433923896e-001
195
3.1906832676893657e+000
1.2433868946360982e-001 9.9223684550036795e-001 2.4357204171796612e-003
4.5538070436814957e+000
-5.9239032820096182e-001 7.6202149454346266e-002 -8.0203923312547132e-001
196
1.3707925781703034e+000
3.6663544636531398e-001 6.3813698010377151e-001 -6.7702263189094758e-001
2.9642819419833923e+000
-6.2214045374749682e-001 -3.7289857055862136e-001 -6.8839517131237604e-001
197
1.1937615676450775e+000
-4.7586198278724784e-001 -6.9811436557466378e-001 5.3496888312879787e-001
3.5619027882022709e+000
-6.0802462791936451e-001 -1.7837603183833611e-001 -7.7362008964938789e-001
198
2.3917156441645875e+000
3.8514606455026312e-001 1.1827520202486300e-001 9.1524504125803530e-001
2.6803594518138891e+000
-4.6224548357668982e-001 -8.3365124073877972e-001 3.0224943627349454e-001
199
1.7857045064390826e+000
2.9668899839113805e-001 6.9226411106942620e-001 -6.5783435510690735e-001
2.0656195382292672e+000
-5.2634749037445472e-001 -4.5623527012051857e-001 -7.1750100883174439e-001
200
1.9684112042588540e+000
6.2667233507364417e-001 7.6447016862236328e-001 1.5121886701017948e-001
2.5951766651238968e+000
-1.4390145196871446e-001 3.0423257647994334e-001 -9.4166602972055424e-001
201
3.6234916776833894e+000
4.3451723019045513e-001 9.0064415025393207e-001 5.9068842029731672e-003
4.1736994840250485e+000
-4.6444110656408177e-001 2.2967987232552201e-001 -8.5530206055057700e-001
202
2.2088345696308114e+000
7.9742876692257258e-001 -1.4514877787056757e-001 5.8569547886852080e-001
4.1928399036273625e+000
-3.0692944969066183e-001 -9.3325956058020243e-001 1.8660360526590891e-001
203
1.5519702754087397e+000
7.7785497903881262e-001 1.6151444758165692e-001 6.0733410476188521e-001
4.0402294428256678e+000
5.0927458102625917e-002 -9.7943160978798272e-001 1.9524373423832558e-001
204
1.3094801635834483e+000
8.6931113823128014e-001 4.9334785990415558e-001 -3.0100399914720438e-002
2.9782147994567416e+000
-3.4837765694527795e-001 5.6838759089583224e-001 -7.4536471251123138e-001
205
1.5561315304081624e+000
9.1571111715705822e-001 3.9014925174376563e-001 9.6211804258897915e-002
3.5491719563617545e+000
-1.8462919934179325e-001 6.2115828412148533e-001 -7.6162618443542285e-001
206
9.7045474020734601e-001
3.3895011053365892e-001 6.1349144161393143e-001 -7.1326087347875766e-001
2.1499882497740321e+000
-6.1420452134246828e-001 -4.2998319205540608e-001 -6.6171539237976995e-001
207
1.9311263128458229e+000
2.2112304864015830e-002 -3.3570243704014974e-001 9.4170851102605257e-001
2.2214037548640881e+000
-6.2175584102316894e-001 -7.4224088837463797e-001 -2.4999627552905551e-001
208
2.8649751047301009e+000
-3.6757632116904249e-001 -7.4271271823477447e-001 5.5970122948600465e-001
3.2099591240884142e+000
-6.8683790150394453e-001 -1.8895975169063406e-001 -7.0181757551280499e-001
209
3.4436472692119313e+000
3.7966982091238510e-001 9.2374965131757758e-001 -5.0372698746549510e-002
3.7038131143069100e+000
-5.4647710975173014e-001 1.8000660289503323e-001 -8.1789998864872537e-001
210
1.8855125336872307e+000
3.2145502542222826e-001 6.7762266496606416e-001 -6.6143343622399664e-001
2.1938838395497662e+000
-5.1250914588639995e-001 -4.6285154584903154e-001 -7.2325847515805475e-001
211
1.8704328010253444e+000
4.9417270919493822e-001 4.4626844443698493e-001 7.4608163694513252e-001
2.0327384957198364e+000
-2.0635051682911007e-001 -7.7345625251227490e-001 5.9932035644889203e-001
212
8.2619032372628665e-001
5.1110069587772999e-001 6.1211785201347202e-001 6.0339689584858947e-001
2.2320865316398373e+000
-8.5260597612273087e-002 -6.6244725929419801e-001 7.4424072661229945e-001
213
1.7583206192188237e+000
1.8587157491119052e-001 -7.6808711416936326e-001 6.1277560549275545e-001
1.8581018165296888e+000
-9.2018109194162734e-001 -3.5476179240319428e-001 -1.6556215957756562e-001
214
2.2607625990963540e+000
1.9585664071002037e-001 -5.2556263861397645e-001 8.2790342986540433e-001
5.3238239453024647e+000
-3.8028670575599954e-001 -8.1889334186574281e-001 -4.2987872251741555e-001
215
1.3709326285361236e+000
6.8229735084724119e-001 -4.5679757907316565e-001 5.7079444354314801e-001
1.7525378146845092e+000
6.2466082647443555e-001 7.6990759526648400e-001 -1.3054174282295813e-001
216
1.3194929633122028e+000
6.5547551561750506e-001 6.7632587693162027e-001 -3.3605826372615916e-001
2.5973852702066598e+000
-5.9454624945316736e-001 1.8773067065196986e-001 -7.8183882773736291e-001
217
1.7902532147748418e+000
8.2711012685042862e-001 5.4898419593283831e-001 -1.2043749697433395e-001
3.3737616563798398e+000
-4.2601107386351583e-001 4.7258820477580366e-001 -7.7147582830082040e-001
218
3.2227047536621174e+000
7.2578508526213348e-001 6.8726951646241752e-001 -2.9943642940569837e-002
4.1895391403011093e+000
-3.5696984842550500e-001 3.3905199271300002e-001 -8.7041155412391880e-001
219
2.0440821833475828e+000
-6.3328367821227194e-001 -6.7047707299909298e-001 3.8653884344591399e-001
4.2391410152901150e+000
-6.7035510091723705e-001 2.2562786949092684e-001 -7.0690600731867215e-001
220
1.1655279384518014e+000
-2.1541720666051392e-001 -8.7095589510506000e-001 4.4162343218665956e-001
2.2639679300605247e+000
-8.8848412601455196e-001 -1.2847985731670369e-002 -4.5872746493184458e-001
221
1.1052958923582132e+000
4.1175487615776923e-001 1.6485657643493068e-001 8.9625902013115288e-001
3.9806499862386877e+000
-2.2161428009491435e-001 -9.3586130044919713e-001 2.7395389608390386e-001
222
1.6555907433751378e+000
5.5924530895831892e-001 6.1870176968073143e-001 5.5177242102341950e-001
2.0303713954557590e+000
1.7814587515255861e-001 5.6034580610216056e-001 -8.0887367663303844e-001
223
1.2398316606099726e+000
4.8551631423615615e-001 7.9979595670304038e-001 -3.5298772818896434e-001
5.7979839794145489e+000
-3.3611307185203765e-001 -2.0196327555871516e-001 -9.1991240792576601e-001
224
2.2726653669893664e+000
4.8779178127729994e-001 7.6602793792004709e-001 -4.1864110696905943e-001
4.8792101765682379e+000
-3.8500209748604980e-001 -2.4162690368531953e-001 -8.9072432567365500e-001
225
1.4443424892949546e+000
8.7025441507999757e-001 4.9214818375043967e-001 -2.1152263824823075e-002
2.8654630302340811e+000
-3.5460135828266781e-001 5.9607168369580266e-001 -7.2038630234072210e-001
226
3.5629415393822872e+000
7.4485932045890846e-001 6.6340333218567060e-001 7.1278408865811826e-002
5.0202220575917620e+000
-3.1747861714765024e-001 4.4635246758153224e-001 -8.3664616316450813e-001
227
1.4703288792673082e+000
3.3742534634244081e-001 1.5897047282631729e-001 9.2783216392570755e-001
2.5884779066532033e+000
-4.4589646659994275e-001 -8.4105860967977175e-001 3.0626256081541459e-001
228
1.2041297151674377e+000
4.3115372420003045e-001 3.3019635435462452e-001 8.3968853373102570e-001
2.7141673834607318e+000
-3.0209128147664027e-001 -8.2409300710248579e-001 4.7917801838208757e-001
229
6.3527877837850211e-001
4.8381972018060321e-001 8.0044091250375538e-001 3.5385424111421637e-001
6.1075850133739742e+000
-6.0982531010534891e-001 5.9835042700034446e-001 -5.1970170065473209e-001
230
2.6983227673337593e+000
4.5680637195966406e-001 7.2491801358007579e-001 5.1557910365351900e-001
5.3980536822126828e+000
-4.5747792521011565e-001 6.8850902323052532e-001 -5.6273374954377475e-001
231
1.7608034573805922e+000
-3.4822454791911128e-001 8.4949625248952199e-001 -3.9635310170703725e-001
3.2890337702256671e+000
-6.0888618268815331e-001 -5.2645212483032477e-001 -5.9338501564589996e-001
232
2.8422991178088197e+000
6.0222210493945416e-001 -1.0411450135043443e-001 7.9151039597142614e-001
4.4945435009132613e+000
-6.2359343417209412e-001 -6.8039248200857494e-001 3.8496402336278818e-001
233
2.7250803241274602e+000
4.1706894279601825e-001 7.0638807957183503e-001 5.7189979716190376e-001
3.7326553979288448e+000
-3.0542336287652699e-001 7.0157581547422321e-001 -6.4382291396848568e-001
234
2.5117528563089269e+000
4.7938087963430753e-001 -2.9246854975868303e-001 8.2743949606185119e-001
6.1421107806409907e+000
-1.9605627155928856e-001 -9.5469741728513191e-001 -2.2386330608514027e-001
235
1.6830379184485755e+000
5.8713281128468697e-001 7.1806892628125107e-001 -3.7370052050034885e-001
2.9717096478064997e+000
-4.5594110827649936e-001 -8.8105065803818106e-002 -8.8563830267401067e-001
236
2.4577675621586774e+000
4.4207601441794753e-001 8.0569970714784189e-001 -3.9422934870228166e-001
1.7208706784759194e+001
-3.5327384311674392e-001 -2.4759193231997140e-001 -9.0216175202653592e-001
237
2.8447998553016802e+000
9.1938713319590015e-001 1.6703651654278034e-002 3.9299909330078275e-001
3.9801469441105999e+000
2.2069499422533279e-001 8.0512411418039098e-001 -5.5051692098347127e-001
238
2.2016048813022948e+000
4.8517765777673483e-001 1.7748206109718709e-001 8.5621420122710867e-001
5.2854112370613358e+000
-1.0263250470080920e-002 -9.7796119174517748e-001 2.0853434520514957e-001
239
7.5036482551242445e-001
-7.5758954836598058e-002 9.8663900695795514e-001 -1.4423609364887113e-001
3.3580728025804949e+000
-7.2829295660849702e-001 -1.5355302861448289e-001 -6.6784042761558937e-001
240
2.9809025466039234e+000
2.7337510975799512e-001 -4.7381559345663538e-001 8.3711697674945085e-001
4.7611878830352117e+000
-8.6813105748947750e-001 -4.9632834464917713e-001 2.5770758641018299e-003
241
2.9390441896278388e+000
9.0581013661577803e-001 2.1495826629122589e-001 3.6510401279248655e-001
4.9226818963471777e+000
1.4138358031514225e-001 6.5898336279204228e-001 -7.3875003267719952e-001
242
1.6942599225160657e+000
5.7408938986749658e-001 -1.7349601297467243e-001 8.0020029112932600e-001
4.1940768464016438e+000
-6.6751952963754713e-001 -6.6513238978628642e-001 3.3468878321457307e-001
243
3.3406563803545257e+000
8.2314422647066166e-001 4.1876529981977578e-001 3.8349603139389721e-001
4.7112431678280089e+000
1.0193967189065403e-001 5.5541536770094391e-001 -8.2530120114807248e-001
244
2.3900120900799013e+000
6.1084211864340954e-001 8.8060319490201378e-002 7.8684006394089667e-001
4.6542494423920076e+000
5.2874845907673562e-001 6.9433319951795536e-001 -4.8818692636236932e-001
245
3.5741329928947341e+000
6.5583576086004114e-001 1.9648277583516888e-001 7.2888543240843950e-001
6.5791486780069182e+000
4.5272222516231825e-001 6.7026946833505419e-001 -5.8803182453156633e-001
246
3.3156417246539927e+000
5.4989757765795078e-001 2.3969305585338424e-001 8.0009992692262144e-001
4.6307653047129351e+000
4.8917160155759626e-001 6.8403076303689514e-001 -5.4112203748206267e-001
247
1.7729578193862141e+000
7.1067688547476804e-001 6.0450426224772047e-001 3.5987909271896118e-001
4.7883655925787938e+000
1.0054134681068866e-001 4.1902090298453920e-001 -9.0239288585599686e-001
248
1.2791536583982239e+000
6.9201845105975590e-001 6.9518119244281951e-001 1.9450854240016360e-001
5.8172058543870477e+000
-1.9375407636430336e-002 2.8723716337542599e-001 -9.5766351374319425e-001
249
1.7449949764720170e+000
6.8073523321029461e-001 6.5664343917989421e-001 3.2468282376517366e-001
5.4164797201643813e+000
8.4548516255920081e-002 3.6984193811970018e-001 -9.2523969284006968e-001
250
1.1163430197548729e+000
6.1922990223181484e-001 5.4809660565879514e-001 5.6226723099188725e-001
1.9270314951790923e+000
2.5560611889782398e-001 5.3636561907502556e-001 -8.0434907512612708e-001
251
2.5380087183003734e+000
5.4990626650590224e-001 8.0980635577009774e-001 -2.0449147711308963e-001
5.1742038680181750e+000
-2.5943217564749022e-001 -6.7113744007095855e-002 -9.6342653669294342e-001
252
-4.3709949335456599e-001
5.5150482151237046e-001 8.2834624709628035e-001 -9.8412025536091935e-002
1.5552120239690444e+001
-1.9616857817657829e-001 1.4122146335187493e-002 -9.8046848695869215e-001
253
2.4382962726528072e+000
3.8441375140272427e-001 8.4255012808970575e-001 -3.7727357366837300e-001
4.6741404255560246e+000
-3.6299804156769999e-001 -2.3779898793051452e-001 -9.0093510485341710e-001
254
1.3984662138867796e+000
4.8913430670646563e-001 8.6346378856113304e-001 1.2319868443469717e-001
1.5876514655326985e+000
-1.7545587621765490e-001 2.3577079340631732e-001 -9.5583856820974256e-001
255
1.0047425355763586e+000
3.7501432378727245e-001 1.2713094378529163e-001 9.1826030083339438e-001
2.5968376916066402e+000
-3.2873822740526892e-001 -9.0793901543479405e-001 2.5995753902077678e-001
256
9.9784517903748715e-001
3.7900163098356437e-001 7.5144006118002302e-002 9.2234003602594183e-001
4.1714915795294409e+000
-2.9172786693988617e-001 -9.3617393980832531e-001 1.9614587957554064e-001
257
2.3639775597942143e+000
2.7411507503287746e-001 -2.8210569806661862e-001 9.1938963489810210e-001
7.2518078967432729e+000
-3.5467570671625881e-001 -9.1827192073081310e-001 -1.7601654087802537e-001
258
7.7015017631027627e-001
2.7322772459152317e-001 9.5930669681334468e-001 7.1254978518053722e-002
4.1526418521137227e+000
-3.3445260614088979e-001 1.6418767824115163e-001 -9.2799992487033456e-001
259
3.6271666478159119e+000
3.0721676590938901e-001 -6.7737014257799033e-001 6.6842168478292863e-001
1.7607733169836614e+001
-3.5615340756495972e-001 -7.3318422724298216e-001 -5.7930617051950928e-001
260
1.0801650891301384e+000
-1.9525027508862702e-001 8.9394605499008251e-001 -4.0340771044376905e-001
6.1594892073042740e+000
-4.8790997362760613e-001 -4.4534920189588123e-001 -7.5073826731119175e-001
261
3.8049541759483683e+000
6.0248920635822734e-001 8.8362970116963452e-002 7.9322048746482954e-001
1.5612331843609972e+001
4.1599725166449088e-002 -9.9597821650174445e-001 7.9352725977626409e-002
262
1.3054420012410655e+000
3.0130006604633280e-001 9.0969766238797012e-001 2.8577689417855129e-001
2.7003831803012481e+000
-6.0579464952814499e-001 4.1406900297695476e-001 -6.7938185387655370e-001
263
3.6477988029134467e-001
3.3110816731196407e-001 9.1797808700621819e-001 2.1836577871936930e-001
6.5442765521449076e+000
-6.8932975691548948e-001 3.9335070367217412e-001 -6.0835820874829794e-001
264
-4.9537688887959641e-001
3.8007100424046597e-001 8.9027482263471447e-001 2.5091188078361598e-001
5.0684947603823147e+000
-6.7902784144095452e-001 4.5275218802272671e-001 -5.7787251776552917e-001
265
6.6579082216741892e-001
5.7379560517280093e-001 6.9731179790992481e-001 4.2955192931705871e-001
7.5715861486334903e+000
5.2955942156447300e-001 -7.1598241216438774e-001 4.5490219223868955e-001
266
2.6520436668063398e+000
4.7811127206434229e-001 8.2298825631919148e-001 3.0675713762798340e-001
7.2965457270098595e+000
-6.2839358409715940e-001 5.6454183942163783e-001 -5.3517662038616787e-001
267
1.6227898513832006e+000
7.6085162932899486e-001 -1.2726325895200361e-001 6.3632449353166398e-001
5.2571505489031987e+000
-2.4123273959883329e-001 -9.6577787511080881e-001 9.5288306166560588e-002
268
2.8031525373834816e+000
8.2753098850535689e-001 3.4915966882886129e-001 4.3963620042788421e-001
7.5710388498456398e+000
1.5412163508449248e-001 -8.9427889804491056e-001 4.2013304334515622e-001
269
3.7208687947360253e+000
7.5083283309141291e-001 6.3068444833897974e-001 1.9618150620096503e-001
8.8262663292322028e+000
4.5194168870384588e-001 -7.0717493575235257e-001 5.4373920242628471e-001
270
1.1638294804672284e+000
8.6293508711869460e-001 -8.9180089352676947e-002 4.9738309891119081e-001
6.4494759977363643e+000
-2.4791211715434702e-001 -9.3241910137149930e-001 2.6293383495779854e-001
271
1.5139904134510878e+000
6.5748586934997377e-001 -4.8946897555529179e-001 5.7282846784527275e-001
2.8277813155381586e+000
6.4091036776579913e-001 7.6304725874957224e-001 -8.3622852170153972e-002
272
1.0719645700823417e+000
-1.8464502923661369e-001 -8.7535327966491561e-001 4.4683649018190802e-001
4.1800786496344209e+000
-9.1674124198270124e-001 -1.0475575181033536e-002 -3.9934415930703332e-001
273
8.8587592687532135e-001
2.7431096742512451e-001 -7.4154358059825376e-001 6.1226351452933492e-001
2.3730542790516673e+000
-8.9579603644553707e-001 -4.2858648858722831e-001 -1.1774159370815268e-001
274
2.1099598472543346e+000
1.2923353384783301e-001 -7.7626846412753359e-001 6.1701374808855047e-001
7.3822864475613432e+000
-9.3598820524379778e-001 -3.0096715266271801e-001 -1.8260573009243292e-001
275
2.9280188638625133e+000
-3.5278689165560456e-002 -8.0412245525151116e-001 5.9341595112622381e-001
6.4008402545579166e+000
-9.4761833362359738e-001 -1.6169911820220814e-001 -2.7545033845153383e-001
276
2.0723775021653408e+000
7.7368873666954818e-001 6.1165819506788544e-001 -1.6516655580648115e-001
2.9446707852911169e+000
-5.4123387484216012e-001 5.0256407342995590e-001 -6.7416262490650647e-001
