#vertex_ID
#Mincurvature
#MincurvatureDirection
#Maxcurvature
#MaxcurvatureDirection
0
-1.2169351632729043e+001
3.7353187608882082e-001 -9.1541453014536756e-001 1.4996724823874494e-001
1.3045519192759237e+001
-9.2350795848064759e-001 -3.5178431474673660e-001 1.5290796748722837e-001
1
-1.2796970507093778e+001
4.2977115354802803e-001 -8.7157097195953503e-001 2.3592540434533230e-001
1.7007472580539318e+001
-8.5183898033806082e-001 -3.0471344998625910e-001 4.2605171631397531e-001
2
-7.6022016847772527e+000
-3.9955987148831140e-001 9.1436406931476411e-001 -6.5500059865540916e-002
1.9488866924901568e+001
-8.4708547863006511e-001 -3.4095717534952225e-001 4.0766946963410028e-001
3
1.9779820342992224e+001
5.8645748809745368e-001 6.4217957576122753e-001 4.9363246158407648e-001
2.6363350248718817e+001
-7.3782852595157566e-001 1.7210414618655398e-001 6.5267850367353308e-001
4
1.4544241923935775e+001
-7.6538324771547483e-002 8.1463099438004949e-001 5.7490714714337721e-001
2.0713539563723156e+001
-9.9462901302605289e-001 -2.2086665106805951e-002 -1.0112025351668999e-001
5
1.2385332675453487e+001
8.7126289854534689e-002 8.5751285217449280e-001 5.0703127908616252e-001
2.2101777186881616e+001
-9.6140587784064002e-001 -6.0956538801493751e-002 2.6829654942024567e-001
6
1.6245038803313967e+001
5.3162403761464394e-001 4.1828047997183843e-001 7.3648986598922839e-001
2.3805133885641759e+001
-3.0662128942152617e-001 -7.1552288615285009e-001 6.2770246475936031e-001
7
1.6520161314000632e+001
4.4765428647946554e-001 8.9420669502521655e-001 1.6238423579986727e-004
1.9308815796793063e+001
-5.2624732784292305e-001 2.6359470569572357e-001 -8.0844392574090618e-001
8
2.1168516809477470e+001
5.6764995546925989e-001 -1.0429445393446818e-001 8.1663712561593638e-001
2.9113819663439418e+001
-6.2017669617461446e-001 -7.0653983161222400e-001 3.4085529461534025e-001
9
1.3064688849157564e+001
3.4185719246704510e-001 9.2337776851887732e-001 1.7466297994609084e-001
1.6894426827740471e+001
-2.9636353928805048e-001 2.8230728421194123e-001 -9.1239862442988062e-001
10
1.5985585409762660e+001
4.0864320462846870e-001 7.3571432560474248e-001 5.4012513588143085e-001
2.4093472463894745e+001
2.2554732978771766e-001 4.9203408381759661e-001 -8.4085127245393909e-001
11
1.9210825892957168e+001
7.6013429014881095e-001 -1.8639167247738953e-001 6.2245803502810115e-001
2.7156790022573126e+001
6.3620495401675281e-001 4.0819759103258130e-001 -6.5468922639657001e-001
12
1.5668801219756975e+001
8.4820730939551481e-001 -3.5125980602777901e-001 3.9643525191050871e-001
2.4692608998470863e+001
4.8462364227135790e-001 2.1264270903447163e-001 -8.4848276567419090e-001
13
1.7695294403389124e+001
6.7498492982461766e-001 -7.1958736524225936e-002 7.3431415943551925e-001
2.3295937647073163e+001
-7.3644471129706146e-001 -4.7149326303023154e-003 6.7648130544227147e-001
14
1.9762531209644735e+001
6.6801429223931641e-001 -3.7338271223944680e-001 6.4369422520690667e-001
2.6682764242387293e+001
6.3908394350691256e-001 7.3099324760144146e-001 -2.3920824633099752e-001
15
1.6147094844374280e+001
8.6678929330576238e-001 -3.4965468140579903e-001 3.5555298449247585e-001
2.7957327429014256e+001
4.9867253908424541e-001 6.0573051853981019e-001 -6.2001309475910649e-001
16
1.4636437536453954e+001
8.0668315508013255e-001 -5.4071403735178669e-001 2.3851754048852120e-001
2.7958571046740495e+001
5.1518557439713075e-001 4.4565524958592184e-001 -7.3210328673596881e-001
17
1.6992683329589312e+001
7.2347249261540625e-001 -5.5081333698868040e-001 4.1616369402465336e-001
2.2903484432167573e+001
6.5764648475581688e-001 7.3324226614316013e-001 -1.7279143563718682e-001
18
1.6695768701882876e+001
7.9207666782021813e-001 -1.3494110609970605e-002 6.1027244839798034e-001
2.3959708921346383e+001
5.6184839980993773e-001 -3.7470299382970712e-001 -7.3751206230546962e-001
19
2.2995470191707362e+001
8.0997568227172201e-001 2.9277688345560415e-001 5.0815459325138657e-001
2.5428977242161857e+001
5.8443433399975464e-001 -4.7497646869883803e-001 -6.5790110459296625e-001
20
2.0741721983230740e+001
4.2250706274065647e-001 2.7975247760479094e-001 8.6210575523438204e-001
2.5766713689020868e+001
-8.8505402118922616e-001 -7.7680399389901775e-002 4.5896092984850712e-001
21
1.7692865273098942e+001
4.2199862784481545e-001 7.9537947538650078e-001 4.3507315273524771e-001
2.8495969803473233e+001
6.4200005560269602e-001 7.6664831233966363e-002 -7.6286200079568967e-001
22
1.8592955842275497e+001
4.7518587443730981e-001 5.1125010151233419e-001 7.1611571581615041e-001
2.7222007483014881e+001
-6.2811305570465914e-001 -3.7285015076460093e-001 6.8297639368295204e-001
23
-2.2689462812371129e+001
1.5442835513392858e-001 9.8742345404354248e-001 3.3864517350020766e-002
9.3771216790258869e+000
2.0688370498929259e-001 1.1982110956141477e-003 -9.7836480767660172e-001
24
-1.5136783164034028e+001
-1.5244008675982086e-002 9.8719087357935653e-001 -1.5881372522900319e-001
1.7556632206125727e+001
9.1384655807651583e-004 -1.5881835921803697e-001 -9.8730739572828019e-001
25
-1.4515209453020329e+001
-1.3114008929162932e-001 9.8327391314674217e-001 -1.2639101513033532e-001
1.1180661108489229e+001
2.2664902566157447e-001 -9.4378382776271932e-002 -9.6939307818407416e-001
26
-4.5527802776189063e+001
3.5892269066605303e-001 9.2383749757397726e-001 1.3303676259324887e-001
4.3472285786777576e+000
2.7794033562592119e-001 3.0278377223979618e-002 -9.6012102867546478e-001
27
-2.4899270905714921e+001
9.3761632535104555e-002 9.9529452572944344e-001 2.4445108249988801e-002
5.0234245351993998e+000
2.8727636503676202e-001 -3.5376151717054069e-003 -9.5784120571739950e-001
28
-2.2432621791772110e+001
-7.7788786003963356e-002 9.6427188533406050e-001 2.5323632426317944e-001
7.9398624878659945e+000
3.6673757897964965e-001 2.6387246861345914e-001 -8.9211819198578424e-001
29
-1.5537143648226916e+001
-1.5100827019013391e-001 9.8807161157392764e-001 3.0182656209896318e-002
6.9344054517101545e+000
3.2655513549524945e-001 7.8680025214762764e-002 -9.4189765745216891e-001
30
-1.0973892915459261e+001
-3.0915857428458365e-001 9.3870151704057092e-001 1.5251373004439284e-001
1.2700505057966483e+001
3.8389123904234135e-001 2.6990542064910394e-001 -8.8305072362280856e-001
31
-2.2817953847361139e+001
-1.5349418879666546e-001 9.1612931552941701e-001 3.7033310847567402e-001
1.4390216838615070e+001
4.8599992210502563e-001 3.9630368291453144e-001 -7.7893996342612148e-001
32
-1.6204538842725263e+001
-6.2631864189692110e-001 7.7931537600901180e-001 1.9811701802949194e-002
1.9097939253139167e+001
8.8681052397090593e-002 4.5976231700724249e-002 9.9499842063409638e-001
33
-1.8158008919647660e+001
-6.6392421701099869e-001 7.4446290876518906e-001 -7.0566362661015292e-002
2.2246395587015076e+001
-2.8979118694403594e-001 -1.6914764116586226e-001 9.4202449196270432e-001
34
-2.1798129775969592e+001
8.4195020282848032e-001 -5.3942669330995074e-001 1.1777032808532165e-002
2.0360354004622451e+001
1.1664809714407014e-001 1.6066932715412655e-001 -9.8009111247093139e-001
35
-3.5462676549386387e+001
1.4970630956572559e-001 -7.6427361088236068e-001 6.2727495453353554e-001
5.5970445469665115e+000
-9.5501790247762741e-001 -2.7602985931694790e-001 -1.0838967991787279e-001
36
-1.5552470355913242e+001
2.9456760148738909e-001 -8.1456953192762427e-001 4.9970631956097794e-001
5.3276647384727855e+000
-9.4219513144154787e-001 -3.3493179559801517e-001 9.4353900467386842e-003
37
-1.5007161314220607e+001
1.6484692598653078e-001 -8.6238230004983851e-001 4.7866716991406622e-001
7.2328466147627610e+000
-9.5089773247667542e-001 -2.6784720985651972e-001 -1.5508505583322518e-001
38
6.6914485983259144e+000
-4.6799831464252556e-001 8.5443772954161201e-001 -2.2564074061997438e-001
2.8296712692928061e+001
-4.7122408411350108e-001 -2.5274656163075455e-002 8.8165132240995947e-001
39
6.5891312715445665e+000
-4.0453972094988105e-001 8.8968583598886630e-001 -2.1167599631177952e-001
3.4132017419128267e+001
-7.4612886272241619e-001 -1.8724920285335905e-001 6.3892836550221777e-001
40
3.6350048990839188e+000
-4.9674979416316567e-001 8.6712218976781763e-001 -3.6588932904879995e-002
2.5121912110519283e+001
-3.8427679986713159e-001 -1.8194941950918123e-001 9.0511090470955469e-001
41
-1.4450045674411921e+001
-1.9289791995872885e-003 9.3900485952163459e-001 -3.4389846297127036e-001
1.4983406387018878e+001
-7.8142507862810773e-001 -2.1600751296974341e-001 -5.8541916677854144e-001
42
-1.2890708585064843e+001
-2.6571332725807029e-002 9.0698431414541592e-001 -4.2032537179112067e-001
1.1537911512380006e+001
-9.1538013072829061e-001 -1.9104543208945945e-001 -3.5437389738186026e-001
43
-1.2378406713280977e+001
-1.4905378196628022e-001 9.5856304022336902e-001 -2.4277534471045520e-001
1.4489092053611333e+001
-9.0281022571801106e-001 -2.3207840480113848e-001 -3.6204048166462405e-001
44
-1.3768688489711394e+001
3.3648776712151024e-001 -8.5773343998187890e-001 3.8867638018592382e-001
1.2386083280558694e+001
-9.4166818928306284e-001 -3.0914867341851243e-001 1.3299668798858066e-001
45
-1.4670709573226290e+001
3.0647685199734981e-001 -8.9534708261632012e-001 3.2314940946911697e-001
8.1785347839662244e+000
-9.4483304125535728e-001 -3.2736913416762325e-001 -1.0953271040794910e-002
46
-1.3805508440532407e+001
2.1719225294054842e-001 -9.2520458304225384e-001 3.1116555847364930e-001
9.5192543304384110e+000
-9.4441018450565661e-001 -2.7977416212593453e-001 -1.7267258499461677e-001
47
-1.0500524175361662e+001
-2.1119081821703800e-001 9.7078931300784854e-001 -1.1387075151490000e-001
1.1717891796995577e+001
-9.4991516386353470e-001 -2.3129937618415250e-001 -2.1014704385010061e-001
48
-4.1141678425675883e+000
-4.0081681831719557e-001 9.1464123198062686e-001 5.2700046632248726e-002
1.6451950092064017e+001
8.2070178809201100e-001 3.3289481014402972e-001 4.6435936557987734e-001
49
-1.6294474675806800e+001
-3.9614008993985916e-001 8.9431619095644399e-001 2.0801821972028650e-001
1.7085942259778594e+001
-8.8459537016789613e-001 -3.1100126822955770e-001 -3.4751869336357910e-001
50
-8.2705291452618503e+000
-3.5531188853801710e-001 9.3037153164524178e-001 9.0345309605061236e-002
2.3878759833257309e+001
-9.3190182448910130e-001 -3.4503525908605553e-001 -1.1184658913575646e-001
51
-1.0794221575297772e+001
2.8402498440929369e-001 -9.5130527235266138e-001 1.1978350063898274e-001
1.0098000684026673e+001
-9.5498170204525001e-001 -2.9183531916328531e-001 -5.3311305063945394e-002
52
-1.3077293620768200e+001
-4.5932638621164046e-001 8.8273140958470009e-001 9.9017823962978285e-002
1.3263101205946343e+001
7.5526769278489059e-001 3.2944419007247028e-001 5.6660148063950766e-001
53
-1.6637914215810962e+001
-5.2761984014748731e-001 8.2188334201401625e-001 2.1476749382206686e-001
9.6459270064717018e+000
6.7859278038810356e-001 2.5570118689094279e-001 6.8857007009287452e-001
54
-2.4407065843781730e+001
-5.2651871721534704e-001 7.4572026802934854e-001 4.0826379005753377e-001
1.0942428864927855e+001
-8.0996529521695881e-001 -2.9408003275285843e-001 -5.0741812628263738e-001
55
3.5682138713405305e+000
-4.0138226232971619e-001 9.1422280994306215e-001 5.5578172576025896e-002
2.2715572532718184e+001
4.8075018973791128e-002 -3.9567897710339382e-002 9.9805970463768023e-001
56
-6.4937351845621167e+000
-4.0143737976590121e-001 9.1585238543230685e-001 7.9017861677484619e-003
2.1910954954723497e+001
6.2456749534564419e-002 1.8766680279315041e-002 9.9787121721636529e-001
57
3.6918249721664154e-001
-3.7823183828170953e-001 9.2535466167953739e-001 2.5679303300278247e-002
1.8920748376448412e+001
2.9833239997180988e-001 9.5587256893836306e-002 9.4966354855104984e-001
58
-1.2025857757786984e+001
-4.8611813275369198e-001 8.6874390290518111e-001 -9.4726934781702715e-002
2.4327526342850863e+001
-6.1078071515315391e-001 -2.6023015884985151e-001 7.4781493861916326e-001
59
-1.0152287615013325e+001
4.1782231386449475e-001 -8.0042500246181481e-001 4.2981894964150086e-001
1.4434313656887504e+001
-8.9254403231716095e-001 -2.7327603631210967e-001 3.5872741511148076e-001
60
-5.2305869995744096e+000
-3.9645950657771989e-001 9.1797024627924706e-001 -1.2267297590315557e-002
2.4763326606174083e+001
-6.4955015140256656e-001 -2.7103932991529067e-001 7.1036770932522875e-001
61
-7.5959922274388898e+000
2.0572810044948589e-001 9.5373615966868719e-001 -2.1923340627256344e-001
1.9573096323280602e+001
-5.5997356567800305e-001 -6.8995963867454366e-002 -8.2563258336372858e-001
62
-2.5624616934857713e+001
1.3663403173686181e-001 8.4741860586211104e-001 -5.1304273487697527e-001
1.4949149279930516e+001
-6.5593698895340091e-001 -3.1070738685059573e-001 -6.8790085497782327e-001
63
-6.2005992688711373e+000
-2.0037534286823494e-001 9.7737194177562048e-001 -6.7777646759018789e-002
1.4104611884270312e+001
-9.0760831378097651e-001 -2.1123222984713555e-001 -3.6280586245188989e-001
64
3.7992736188979137e+000
-2.3743906597732489e-001 9.6048778192237005e-001 -1.4520988508245916e-001
1.5624011555672237e+001
2.5642674766586998e-001 -8.2208535753229298e-002 -9.6306130632001519e-001
65
2.7379308421793471e+000
-3.2285824472708924e-001 9.4616452726958644e-001 -2.3135279303760498e-002
1.6958825571295471e+001
5.0345901133232740e-001 1.5099294799175239e-001 -8.5072331199105822e-001
66
1.4639494403890065e+000
-3.5526908892149850e-001 9.3380491553032363e-001 -4.2335023187586057e-002
1.5238634242297005e+001
3.2762255742702073e-001 8.1972687330699012e-002 -9.4124595000284694e-001
67
-3.0763873103214374e+000
-4.0342525597732326e-001 9.1100711116407496e-001 8.5522548185368530e-002
1.5748201773379996e+001
4.5157620964748280e-001 2.7951714632346697e-001 -8.4731876633979886e-001
68
3.9980314734292559e+000
-2.3712834283843956e-001 8.9818884081588368e-001 3.7017152140124876e-001
1.5104452127944535e+001
8.5526005956661966e-001 1.2288981486328183e-002 5.1805329015858126e-001
69
5.6662552633564509e+000
-3.7214898720528311e-001 9.0705814453741307e-001 1.9685185737103778e-001
1.3599769643868665e+001
6.7632301852734045e-001 1.1974952223408347e-001 7.2680618223483462e-001
70
7.1315153273595380e+000
-2.1801031144627492e-001 9.3045932937949127e-001 2.9447740231427860e-001
1.3568080512004428e+001
8.3374556099094532e-001 2.0725635221728173e-002 5.5175971905581311e-001
71
1.9793543222418926e+000
-2.2733128367742719e-001 9.7296416640754202e-001 -4.0758046425833264e-002
1.3602801873374904e+001
-8.7888008795545436e-001 -2.2301415372375749e-001 -4.2170425446548371e-001
72
1.0956201869052400e+000
-1.9812509061531430e-001 9.8017340790621998e-001 2.5571277207549897e-003
1.5272611152525471e+001
-8.0771351586586826e-001 -1.6178623823469723e-001 -5.6694275672722327e-001
73
-6.6611101340432910e-001
-2.0036512811824000e-001 9.7971450519339398e-001 -3.6474303042210512e-003
1.2555646859089507e+001
-9.2431845435290594e-001 -1.9026745274574725e-001 -3.3080763499094068e-001
74
-1.0677437918498345e+001
-1.8476358725394915e-001 9.6859777436861305e-001 -1.6637538373576111e-001
1.7594416424922716e+001
-7.8927727555722638e-001 -2.4711221510440429e-001 -5.6211825751807476e-001
75
-1.4626518852381309e-002
-3.5384552758662702e-001 9.2897902026277202e-001 -1.0858785622048964e-001
2.0133572266573083e+001
-6.1039867216918042e-001 -3.1733176062088214e-001 -7.2575065602130340e-001
76
3.2021596880171863e+000
-1.5161682534720966e-001 9.8843457126860756e-001 3.0719037545793720e-003
2.0598548392695410e+001
-6.0799997876863709e-001 -9.0810395844872480e-002 -7.8872650381728271e-001
77
5.6261263507568025e+000
-3.5097357857462075e-001 9.2987348891633514e-001 -1.1023992812536842e-001
2.5556269672888778e+001
-3.9576638198964897e-001 -2.5400554475013493e-001 -8.8252487450666806e-001
78
3.4089832260077575e+000
-3.7613857528251649e-001 9.2523043535908533e-001 4.9683132647570086e-002
2.5262479824888310e+001
8.3312354529059507e-001 3.6118627265642822e-001 -4.1886708479777462e-001
79
-1.8209303848519180e+000
-3.7724593344637791e-001 9.2528621213324636e-001 3.9127117633173059e-002
2.0122827811989126e+001
7.0809540547133509e-001 3.1541046002813650e-001 -6.3175718314493667e-001
80
4.2782419026838099e+000
-3.2244566106918515e-001 9.4513183407361001e-001 5.2484396522304549e-002
1.9747869252065165e+001
6.4810508199364936e-001 2.6084250061560915e-001 -7.1548654254751765e-001
81
-7.7807825085231368e+000
-2.8776492912656249e-001 9.4857230869316067e-001 -1.3191633994813218e-001
1.6632975679386995e+001
3.9090863370952196e-002 -1.2599406277768482e-001 -9.9126051093831336e-001
82
-1.3474866094823451e+001
-1.7314683190197269e-001 9.7183466384000261e-001 -1.5986732236857895e-001
2.2625779649953980e+001
-2.9445106023117246e-001 -2.0597372836235664e-001 -9.3320597745259259e-001
83
-5.5684698408097155e+000
-3.4769844082630141e-001 9.3176457280991387e-001 -1.0450155550668941e-001
2.3938812750924772e+001
-3.1715600460388366e-001 -2.2176575136715743e-001 -9.2208026779899233e-001
84
-9.0696039550438492e+000
-2.7235823013819954e-001 9.5263745630164676e-001 -1.3528810489882681e-001
2.1636527113781021e+001
-5.9317346691390616e-001 -2.7694231840043443e-001 -7.5594192265565596e-001
85
1.8189133086533534e+001
2.1902860031477983e-001 9.1708023906881964e-001 3.3315207841708760e-001
2.9126738214498285e+001
3.9713285390340469e-001 2.2809056532825106e-001 -8.8896579819404531e-001
86
1.3238156587579502e+001
-6.7867452865654848e-002 8.7571465417067007e-001 4.7803541010292544e-001
2.7145759981805334e+001
7.7043205468342379e-001 3.5042915732212365e-001 -5.3257286338564447e-001
87
3.1281117645979331e+000
-3.8724207464079913e-001 8.9432832936316142e-001 2.2409911853103467e-001
1.5168974739994681e+001
6.1772088845860063e-001 7.1227663116212397e-002 7.8316506814905906e-001
88
2.7141484202176729e+000
-5.0041560497714943e-001 8.6536490094515717e-001 -2.6977963368859381e-002
1.3232562465006286e+001
4.0037760699593866e-001 2.5893009502439424e-001 8.7900681323119645e-001
89
7.4883483907436101e+000
-3.6167452078018686e-001 9.1418257518199952e-001 1.8292555931862084e-001
2.5536570964539415e+001
7.9610731294955417e-001 4.0494520528389921e-001 -4.4970270956024028e-001
90
6.7775377264954706e+000
-2.9336087509330844e-001 9.2534759057912519e-001 2.4014835742493756e-001
2.2244080780736265e+001
5.9506238444671156e-001 3.7335191460400868e-001 -7.1169453171857022e-001
91
7.6793999204699936e+000
-3.3287720085917605e-001 8.7389127965800339e-001 3.5426938971051014e-001
2.6284768810131087e+001
8.2625896319747583e-001 4.5135455488126669e-001 -3.3700918611184150e-001
92
3.5638687820387105e-001
-1.8285661153570815e-001 9.8139449324983430e-001 -5.8551756904295336e-002
1.9103865866039754e+001
-3.3688042611208130e-001 -1.1849641880541982e-001 -9.3406112071578751e-001
93
5.0095660141697049e+000
-1.9373878560805421e-001 9.7698482166750233e-001 -8.9252121445012253e-002
1.7709411633351571e+001
-2.4647317526160323e-001 -1.3652970126175626e-001 -9.5948455670210686e-001
94
2.6376063986616520e+000
-2.0148055368405432e-001 9.7764173507424290e-001 -6.0184917780043042e-002
1.6633568050959351e+001
5.1940845291767228e-002 -5.0694559847806166e-002 -9.9736262722853908e-001
95
1.2119284319000709e+001
-6.2699343689525622e-002 9.5767507331023483e-001 2.8093993354654928e-001
2.4625831389040901e+001
3.7967161113191689e-001 2.8321691783045849e-001 -8.8070292673245398e-001
96
8.4683553549171560e+000
-1.1139005751627232e-001 9.9360290887427394e-001 -1.8588022033092230e-002
1.9209246891305817e+001
6.0250363016728238e-002 -1.1917878935035885e-002 -9.9811214696447925e-001
97
1.5255872619668605e+001
1.5753480356466526e-001 9.8564938478508923e-001 -6.0647142872664844e-002
2.1006833674976729e+001
-4.1033252002648964e-002 -5.4827406825750526e-002 -9.9765235813426045e-001
98
-5.1352576142672222e+000
-4.1209955102347628e-001 9.0971487616923019e-001 5.0919584863306167e-002
1.0334223707678778e+001
6.8922912205442599e-001 2.7469246494611455e-001 6.7045303117661625e-001
99
7.7039810245764784e-002
-3.4306920948051578e-001 9.3730429306477459e-001 6.1352911167745078e-002
1.2523796641620454e+001
7.8897688254981568e-001 2.5210204399440500e-001 5.6032137047931463e-001
100
-1.1755422344928990e+000
-3.9816372834965941e-001 9.1731424301634934e-001 4.7432693395751957e-004
9.8084862343768542e+000
6.1487504687203853e-001 2.6650505411506159e-001 7.4222889519691726e-001
101
3.7187582241165282e+000
-3.6557553212679000e-001 9.2964832536957409e-001 4.5918639437172087e-002
1.1513529817283636e+001
7.0869956523730548e-001 2.4602938783308723e-001 6.6122194954109836e-001
102
8.9291866085457414e+000
-3.3850357653124957e-001 9.0998907877873281e-001 2.3944770865261045e-001
2.6749010822427550e+001
-9.2539173119159879e-001 -3.6804774166750992e-001 9.0504163968633589e-002
103
8.0033298665093060e+000
-2.7666848311483688e-001 9.3840789426877369e-001 2.0699075927437172e-001
1.9501068642869214e+001
-9.4533654132051192e-001 -2.2709028580768975e-001 -2.3402740381406945e-001
104
6.3656895037523746e+000
-3.7254466167729988e-001 9.1968527100622477e-001 1.2405433224983778e-001
2.7234857766436182e+001
9.2267248847552785e-001 3.8139814804313721e-001 -5.6665083425702902e-002
105
-5.0996783968341219e-001
-4.0561097009462604e-001 9.1367023519875168e-001 2.6200042953282085e-002
2.1420471806278528e+001
8.8027463413078244e-001 3.8274489071530632e-001 2.8039778375951013e-001
106
8.7745056830486945e+000
-3.5126913240826757e-001 8.5369804077276579e-001 3.8446020834136252e-001
1.7086099457640401e+001
-8.6047797722348673e-001 -1.3250877745256007e-001 -4.9195434199873117e-001
107
1.6074188527716249e+001
9.2576167797880837e-001 -3.5098689522991522e-001 1.4061833082043557e-001
2.0993936539575163e+001
-1.1685711857999850e-001 -6.1928506979156839e-001 -7.7642154540586572e-001
108
6.6554109818689176e+000
-2.4537356445148642e-001 9.0003680718997414e-001 3.6017434607652116e-001
2.1533916919505792e+001
-9.6930051953411300e-001 -2.3381886701547785e-001 -7.6060766880811675e-002
109
7.0276053725122747e+000
-2.3028050284792498e-001 8.6928756935255858e-001 4.3738999963102448e-001
2.3802528286342202e+001
-9.2652050627413485e-001 -3.3328617857550580e-001 1.7458543646036756e-001
110
5.4658767547238654e+000
-1.4057777316960954e-001 8.8860347357742564e-001 4.3660251538076017e-001
1.7579780248899766e+001
-9.8145314963641939e-001 -6.7020279852376158e-002 -1.7960511450752481e-001
111
1.1175967132238341e+001
-5.4739072168778358e-001 7.6645769055450819e-001 -3.3601489014622143e-001
2.3016113150728351e+001
-3.0516505929888815e-001 1.9105592962984988e-001 9.3293725316142229e-001
112
1.5770556230494503e+001
6.7595350147267141e-001 -5.0390522584588870e-001 5.3774193365594891e-001
2.2488479327412367e+001
3.4989507951975574e-001 -4.2275078855459136e-001 -8.3597560018479888e-001
113
1.5568431059739453e+001
6.9061359187148263e-001 -5.8259168713341825e-001 4.2853213742426155e-001
2.5077683495360034e+001
4.9545970827173519e-001 -5.0523983364416158e-002 -8.6716031077551015e-001
114
4.4104459476665472e+000
-5.3217393625890030e-001 8.3330620673265865e-001 1.4963845557721750e-001
2.6671219444152939e+001
-4.4159888888578480e-001 -4.2400598174484994e-001 7.9070180775019483e-001
115
3.7931221875061691e+000
-4.2300577759988295e-001 9.0164697350195744e-001 8.9993595838141704e-002
2.4672030529771746e+001
-7.9919125891823395e-001 -4.1804614306419674e-001 4.3189206283264481e-001
116
4.4861379705350934e-001
-4.2517942351189797e-001 8.9906648677272294e-001 1.0441221281173632e-001
2.5127255922287020e+001
-6.1193163825577357e-001 -3.7053769334460956e-001 6.9874279095562863e-001
117
6.0483262998118885e+000
4.2490189995180699e-001 -8.8387819592917494e-001 1.9549350418449163e-001
2.5425534609189704e+001
-8.9181668057617092e-001 -3.7167210359205016e-001 2.5792025057672474e-001
118
9.1847014169791645e+000
-4.2685296966825059e-001 9.0284959654736718e-001 -5.1566930291149338e-002
2.9948229249680892e+001
-7.5053621677115689e-001 -3.2187786379119776e-001 5.7713952222669218e-001
119
1.5201432263137869e+001
7.8576987365702389e-001 -3.0716767802670719e-001 5.3685540253284825e-001
2.2863369049268929e+001
4.8438878352613796e-001 -2.3413548965571704e-001 -8.4294013955781344e-001
120
-8.1590089235999486e-001
-4.0052399349257906e-001 9.1627698480476816e-001 4.1252580329961264e-003
1.1507058707750287e+001
4.8009716511973022e-001 2.0602166738927336e-001 8.5267918035457024e-001
121
1.8056967258757659e+000
-5.2646724459116157e-001 8.2940364929459998e-001 -1.8687382617528397e-001
1.2363437975048043e+001
3.3565111132600800e-001 4.0470923090279820e-001 8.5061669974653187e-001
122
3.8343969089243943e+000
-4.7857443139099887e-001 8.7544020250171095e-001 -6.7608915555163573e-002
1.6434008534092964e+001
2.6377726081589215e-001 2.1678597049592660e-001 9.3990712289704670e-001
123
4.6363637923799335e+000
-4.6948195214354693e-001 8.7117800111963739e-001 1.4365092055631734e-001
2.5367538216219515e+001
-2.2002389109775500e-001 -2.7299660958275074e-001 9.3651606419886169e-001
124
-5.3508511685192790e+000
3.3395670437173880e-001 -9.4159599598208010e-001 4.3242339849758525e-002
1.3580419593671541e+001
-9.4009031307988389e-001 -3.2938317021197072e-001 8.7959822842467714e-002
125
-3.1713274353568135e+000
-3.4998158061684514e-001 9.3640531205814093e-001 2.5651213971864054e-002
1.9045892329121678e+001
-8.8611124491070514e-001 -3.3981765166775135e-001 3.1516793183605346e-001
126
-1.3658256140134188e+000
-2.0501251109526894e-001 9.7869378390901074e-001 1.1329061403071406e-002
1.3427619584819483e+001
-9.7742067436545454e-001 -2.0411321402385602e-001 -5.4649987958201363e-002
127
9.3854428774546452e+000
6.4326652577985721e-001 -7.4113909324480920e-001 1.9214843552674082e-001
2.6832984916147709e+001
-7.2171689331809430e-001 -5.0317412593833211e-001 4.7533201542235071e-001
128
1.0910596954941596e+001
7.8366353167123093e-001 -5.7785421927625691e-001 2.2793852327590686e-001
2.3184719408708098e+001
6.2027810200318212e-001 7.0810684780306055e-001 -3.3740149417236365e-001
129
5.4530041403602052e+000
5.0867414013026602e-001 -8.3566062858281620e-001 2.0717609176569379e-001
2.9977300662533310e+001
-7.8142781453846777e-001 -3.4710508331537798e-001 5.1854472497775816e-001
130
1.0583232834348545e+001
-2.9826524041096381e-001 9.5185413851678247e-001 -7.0792269006324154e-002
2.4137634472992076e+001
-9.4019393650104621e-001 -2.8020531489906242e-001 1.9370168628327358e-001
131
6.0064259347805677e+000
4.1519618633952132e-001 -8.9854182296013174e-001 1.4224879345920854e-001
1.4122741625172862e+001
-9.0388048679413791e-001 -4.2515755942288430e-001 -4.7340418865585127e-002
132
9.3904670046330541e-001
-5.2556063263331965e-001 8.4543558478720837e-001 -9.4998386310379129e-002
1.5317505635789953e+001
1.5805411388979282e-001 2.0674796979128424e-001 9.6554346047689354e-001
133
4.6086189095099952e+000
-4.9850152795481806e-001 8.6619706369852090e-001 3.4624752226875978e-002
2.0493217620981309e+001
6.6961377614110126e-002 -1.3468745742241332e-003 9.9775465914066375e-001
134
1.3638084312483633e+001
1.4617192874784815e-001 9.6802972372482676e-001 -2.0384361955030578e-001
2.0083313892853756e+001
-8.5932879716385613e-001 2.2165940371810119e-002 -5.1094294148403063e-001
135
1.0318204733218947e+001
2.0250225970105853e-001 9.7857264698572854e-001 -3.7261365880898664e-002
1.8606711708646870e+001
-6.5778641374659774e-001 1.0773485968475184e-001 -7.4545974666583870e-001
136
-9.3675795916596538e+000
-4.2298337462590552e-001 9.0451071880983314e-001 5.4271763820607249e-002
1.4956458046092143e+001
3.7918609405770409e-001 1.2228835326975714e-001 9.1720415651469511e-001
137
1.9600752143830466e+001
4.0532703809353748e-001 5.8489867332335715e-002 9.1229870525489964e-001
2.7491697468174987e+001
-8.2421685143845291e-001 -4.0830386448955608e-001 3.9237040669216849e-001
138
-2.0922716754251930e+001
7.7412055738324492e-001 -5.2758756538709028e-001 -3.4984099743394403e-001
7.4815102075418576e+000
-4.8697783689306118e-001 -1.4321635844024372e-001 -8.6159251450443253e-001
139
-2.0372847961495943e+001
6.4923465101615185e-001 -6.9375080181674820e-001 -3.1177586965407489e-001
7.8983779411599340e+000
-5.8033774263008597e-001 -1.8688009007495293e-001 -7.9264363771659307e-001
140
-1.6833275422397406e+001
-6.3993364777254025e-001 7.4949150072480075e-001 1.6955063193576178e-001
1.1259224422984147e+001
4.1302506239075115e-001 1.4941857107763881e-001 8.9837875556706748e-001
141
1.4422376606729713e+001
8.2610861180303896e-001 -2.7581728127127814e-001 4.9139534883531033e-001
2.1969100955574064e+001
2.8633083437227835e-001 -5.4560554571711128e-001 -7.8760982838611626e-001
142
-1.2401712854307615e+001
-4.2208563943226529e-002 9.7520894873959618e-001 -2.1722325710674373e-001
2.0156595256521964e+001
-5.9399610567567251e-001 -1.9931370341260585e-001 -7.7938608793978836e-001
143
-1.4798946464609049e+001
1.2494044786600500e-001 9.7044696839741751e-001 -2.0645233351866871e-001
2.1713407387575298e+001
-2.9452749476072099e-001 -1.6242588935357707e-001 -9.4173849092923489e-001
144
-5.9135055355702512e+001
4.1674173863536207e-001 8.8908805895221044e-001 1.8933765264142827e-001
1.0764970004998652e+001
2.1184703033871136e-001 1.0756035724642032e-001 -9.7136584523324243e-001
145
-1.1765276718045950e+001
2.4636168364757127e-001 9.5829790684618799e-001 -1.4481382035064561e-001
1.4885508901691072e+001
-2.0789823241737272e-002 -1.4415946957057538e-001 -9.8933605543450598e-001
146
1.7986337829883219e+000
-5.2737828170471901e-001 8.4710980944181535e-001 6.5399684507111935e-002
2.0885773356748480e+001
-9.7228372798730214e-002 -1.3664061722083407e-001 9.8583770735776843e-001
147
2.4487963416665730e+000
-5.0339977340715591e-001 8.6081121330970300e-001 -7.4784511590976002e-002
1.8367316084923445e+001
-4.6292444024088601e-002 5.9557584639821387e-002 9.9715089316419248e-001
148
-9.9753972996262110e+000
-3.3545321905394199e-001 9.2154833936824510e-001 1.9549883895813358e-001
1.9776807276690263e+001
6.0205684412000116e-001 3.6933015146997750e-001 -7.0790027239960052e-001
149
-9.2988030252331271e+000
-4.2912663505197413e-001 8.9677810170676553e-001 1.0788589985804536e-001
9.3036855631895712e+000
5.7746297945911684e-001 1.8054134536714150e-001 7.9620432676997055e-001
150
-1.4041629936540069e+001
4.0942872994433843e-001 -7.4004546936971960e-001 5.3357362974712075e-001
5.4259278297472875e+000
-8.9859155638084942e-001 -4.2825797493943846e-001 9.5542250872659787e-002
151
-4.0626303540698574e+000
-2.2324615678200999e-001 9.7411120530552220e-001 -3.5616192669693549e-002
1.1899098309504069e+001
-9.6147361812795717e-001 -2.2606837012293898e-001 -1.5640196186075486e-001
152
-1.0339408509594833e+002
7.1049673699249172e-001 -3.4599815606384698e-001 6.1276395351182322e-001
1.1802869800447965e+001
6.9641774767833919e-001 4.7067759307737000e-001 -5.4172402945920972e-001
153
-2.2161401612816661e+001
6.1864245298008491e-001 -7.3248793709756188e-001 2.8415301754044714e-001
1.5102059710583918e+001
-6.6990084963252983e-001 -3.0280848660436133e-001 6.7789370265698079e-001
154
-2.7473564904204789e+001
-4.1778679872529922e-001 7.1454370227309039e-001 5.6114301951706680e-001
1.1401773599959792e+001
-9.0810771050856465e-001 -3.0925637236480114e-001 -2.8231344683995541e-001
155
-1.9456201335952588e+001
-2.3424054029112504e-001 8.6168085736298128e-001 4.5015271779510468e-001
2.0080556760290118e+001
7.7013885277106375e-001 4.4705497181320270e-001 -4.5500329628428665e-001
156
-1.0253218498800491e+001
-3.2238118384974951e-001 9.3443796201585150e-001 1.5131446541324839e-001
2.4504178034528643e+001
8.6575657403972273e-001 3.5569552447102565e-001 -3.5206000678617949e-001
157
-2.3325316036407166e+001
-6.7458830988369178e-001 5.7112130340333933e-001 4.6770831611928315e-001
7.2017027352595875e+000
-6.8971263751779899e-001 -2.6180924032779856e-001 -6.7509436327614414e-001
158
-2.5537400194539586e+001
-6.1947730247361976e-001 5.3059894096314653e-001 5.7854354682149423e-001
5.3350800736288821e+000
-7.7273561432097915e-001 -2.8232085184213085e-001 -5.6848448261593931e-001
159
-9.7736852420510054e+000
-4.4936265024485622e-001 8.9326695734604733e-001 -1.2138841734451053e-002
2.4499653213095865e+001
-2.6140996868638500e-001 -1.1848612585334793e-001 9.5792790242880388e-001
160
-2.8232362051396400e+001
8.1747902258443794e-001 -5.3668064014755101e-001 2.0905008520736643e-001
1.7948928379430242e+001
3.8974925838256369e-001 2.4822696674460462e-001 -8.8683644973073528e-001
161
-2.3967272401534743e+000
-3.7410493290463420e-001 9.2716299799760848e-001 2.0353729891731544e-002
2.6271802230603928e+001
9.0416326778766576e-001 3.6952975490517648e-001 -2.1432812560009470e-001
162
4.4611736830978508e+000
-2.3270121085192597e-001 9.7253998985840062e-001 4.0142987269909947e-003
1.7865127658821518e+001
3.8521159234261126e-001 9.5958656070680867e-002 -9.1782567269061421e-001
163
1.6671405016669247e+000
-3.3321753752082073e-001 9.3364392512198069e-001 -1.3143475100361091e-001
1.3816105499119381e+001
1.5607013308174328e-001 -8.2859471007949548e-002 -9.8426440635843848e-001
164
6.3691106986494521e+000
-3.4844903643427450e-001 8.7949466631171691e-001 3.2414873274049383e-001
1.6546628053667227e+001
7.3530317879516294e-001 4.2012961015855756e-002 6.7643487961548021e-001
165
7.5286503920897676e+000
-4.5793955611715242e-001 8.6443265172563533e-001 2.0747904369794001e-001
1.6350552259100972e+001
5.2037134518634365e-001 7.1428173548527207e-002 8.5094751843605299e-001
166
-5.6538505163218478e+000
-3.2248058214207065e-001 9.4460969322155919e-001 -6.0981977773627967e-002
1.2163281956736084e+001
2.7962419508736924e-001 3.3516150521129988e-002 -9.5952434944402831e-001
167
5.8394517109191373e+000
-2.0190958094902384e-001 9.6134255057300588e-001 1.8722452184149840e-001
1.9708603811387526e+001
3.2477405779768098e-001 2.4606473372805995e-001 -9.1322174645425946e-001
168
7.6507260974443394e+000
-2.5108819094531704e-001 8.8085743565069352e-001 4.0130399752144535e-001
2.5664074000458811e+001
6.5344527803736674e-001 4.6011043782775457e-001 -6.0108872357799270e-001
169
3.2228705118987566e+000
-4.9323734810178976e-001 8.6486412159211357e-001 -9.3418251001697955e-002
1.2455661249545610e+001
5.0295094577849042e-001 3.7114919314627370e-001 7.8056942200382951e-001
170
2.8379261720602500e+000
-3.4228214939078150e-001 9.3510180154733424e-001 -9.1801693619220776e-002
2.0024883717543108e+001
-8.4830056551990107e-002 -1.2805878793329525e-001 -9.8813197921049101e-001
171
1.9650155741326172e+000
-4.9474348949944913e-001 8.6872100581463219e-001 2.3509437558610236e-002
1.4866526878892746e+001
2.9661108128914782e-001 1.4337097278733177e-001 9.4417510590911924e-001
172
3.9394048083017923e+000
5.5681330701917897e-001 -8.0810183476743003e-001 1.9217274981609428e-001
1.7530437106468352e+001
-8.3049056167944713e-001 -5.4596462041318072e-001 1.1049009104190453e-001
173
5.4742146010628794e+000
-2.2408837619415728e-001 9.5749586697659939e-001 1.8162066065675492e-001
1.3887099791272764e+001
8.7906957672684838e-001 1.1813372554520205e-001 4.6182366998898000e-001
174
3.7578343028552466e+000
-3.3917939067131064e-001 9.3662098860665044e-001 8.7740894942661227e-002
1.8873482728104566e+001
9.0008835152786293e-001 2.9599827808374157e-001 3.1972797627876431e-001
175
3.8289074061419814e+000
-1.8685810804728092e-001 9.8164305005567920e-001 -3.8222633796931749e-002
1.9357741769441645e+001
-5.6812944056700554e-001 -1.3972268932597948e-001 -8.1099106582535008e-001
176
1.0940968634118221e+001
-5.6178640093737617e-002 9.8767117518177072e-001 -1.4611505778761702e-001
1.7396288460755422e+001
-4.9579125939527846e-001 -1.5462411821838354e-001 -8.5456562601852359e-001
177
1.3702217017310986e+001
7.3363528633646513e-001 -6.7941720816897599e-001 -1.3096712789368414e-002
1.6928075235719945e+001
-4.0811331197741968e-001 -4.2510741223723592e-001 -8.0791534992707126e-001
178
-3.9398224141936433e+000
-2.8020711570642037e-001 9.5694350047983734e-001 -7.5783304209333810e-002
1.5626034123214811e+001
-7.9452135507519606e-001 -2.7550220473303355e-001 -5.4114171112261544e-001
179
6.2619277560744662e+000
-1.6774705311426452e-001 9.1759269351048256e-001 3.6039502630815778e-001
1.5453494803920066e+001
-9.3913052058064328e-001 -3.7555716839367884e-002 -3.4150173271392226e-001
180
8.8127399129280377e+000
-5.4228959213577621e-002 9.9743263560812678e-001 -4.6769192920532894e-002
1.9863397456058898e+001
-7.3190104210355889e-001 -7.1566752385059509e-002 -6.7764228359864032e-001
181
9.1418493261377431e+000
-5.6650594146409450e-001 8.1344197135792173e-001 -1.3184527871417245e-001
1.7734290410860844e+001
1.0030269747290940e-001 2.2687132469597446e-001 9.6874597852602817e-001
182
3.2300778294672980e+000
-1.6841720558504278e-001 9.8560570433132844e-001 -1.4732292845023337e-002
1.1612309958871032e+001
-9.6267133448719522e-001 -1.6767433851570610e-001 -2.1248345337923008e-001
183
8.0189287488327956e+000
-3.7900692814841025e-001 8.9655304897619981e-001 -2.2922996921647495e-001
1.5691753774018995e+001
-9.0234908484955600e-001 -4.1298728956029357e-001 -1.2331921072084165e-001
184
7.4613261388010610e+000
-4.0169622201531287e-002 9.9387763989900157e-001 -1.0292540192283506e-001
1.6853770199845258e+001
-8.9607602016357302e-001 -8.1407215816636069e-002 -4.3637212479808496e-001
185
3.6222838537719433e+000
-2.0449744920398033e-001 9.7852353615932064e-001 2.5932266605999583e-002
1.6991986750517110e+001
-9.7723390290600420e-001 -2.0561430491718352e-001 5.2313063612467146e-002
186
-1.1093873721189063e+000
-3.8636063347828786e-001 9.2187632056722502e-001 2.9487463025692662e-002
2.5539987568675979e+001
-2.9083661848151754e-001 -1.5210480574852447e-001 9.4460477948104860e-001
187
-3.3434818843110079e+001
-8.4438800922910732e-003 -8.0781479551845636e-001 5.8937590469110757e-001
8.5046962031615667e+000
-9.2169711098970275e-001 -2.2229970908529767e-001 -3.1789506906183351e-001
188
-4.5757196994033308e+001
1.2701996875460908e-001 8.7500355891698545e-001 4.6715596905122336e-001
8.5809564488667256e+000
3.8106287938460437e-001 3.9178170536051510e-001 -8.3743547649948613e-001
189
-1.9464701596317358e+001
1.2970934864246639e-001 9.8198990715622647e-001 1.3737287620943345e-001
2.4813583639864660e+000
3.2773629453521563e-001 8.8297393387611209e-002 -9.4063409015688970e-001
190
-2.0450518228785128e+001
-3.0915916985032149e-001 8.7071206048780991e-001 3.8246714292672568e-001
2.2940860832111817e+001
-9.3944794707012391e-001 -3.4213569472195043e-001 1.9512076846348023e-002
191
-1.7051811248539398e+001
8.1205213180672742e-001 -5.7450724723742064e-001 -1.0253174191356909e-001
1.1912794175456003e+001
-2.2380167283305541e-001 -1.4431353684615456e-001 -9.6389128760461351e-001
192
1.5706572462600347e+001
-7.4164440877830762e-001 5.8404153028769057e-001 -3.2993796663477126e-001
1.8745036959732204e+001
2.2116855631688914e-002 5.1288544771522504e-001 8.5817210524400078e-001
193
6.9112833719933775e-001
-1.5525694472298573e-001 9.8783963950407949e-001 8.2539529762313824e-003
1.8672152031721225e+001
-7.0616176583713286e-001 -1.0513557488886710e-001 -7.0020145055731620e-001
194
2.9370094021810402e+000
-4.0553189137846973e-001 9.1279676694107381e-001 4.8434980509172366e-002
2.7986118713079364e+001
-9.1387957759487337e-001 -4.0598502506534284e-001 -5.2638171424676181e-004
195
3.5581236394770563e+000
-2.3075049142909884e-001 9.7019447186128005e-001 -7.4006063772109429e-002
1.7061059681859021e+001
-8.2406200258408546e-001 -2.3530281987002588e-001 -5.1531970548225803e-001
196
1.2053932854311057e+001
5.6795214600435950e-001 -7.7203184530396185e-001 2.8530192723779907e-001
3.0337352148797784e+001
-5.9007812049721819e-001 -1.4028243197534607e-001 7.9506518662909209e-001
197
-3.2972673338727567e+001
7.5397554350208373e-001 -3.9660714588161350e-001 -5.2366368180004419e-001
6.2775324742027383e+000
-6.2357915432076616e-001 -1.8144788365591763e-001 -7.6041153582345555e-001
198
-2.7391949460927464e+001
-2.5973276486768976e-001 6.5537778702922311e-001 7.0923821606203930e-001
2.2257118899473483e+001
-8.6561906182841353e-001 -4.8357317791271026e-001 1.2984845552681787e-001
199
-1.3517803808000679e+001
2.5007437447483793e-001 -8.0936449831561530e-001 5.3140560412676363e-001
2.1917177397883570e+001
-9.6738412515145211e-001 -2.3175256713351902e-001 1.0226779567382459e-001
200
-2.1012851429966773e+001
3.3385679246906319e-001 9.0678880606569368e-001 -2.5743679479868997e-001
2.0910660310661648e+001
-2.8664754695842365e-001 -1.6250797975651290e-001 -9.4415271028482228e-001
201
5.5943810673093743e+000
-2.1450846185317232e-001 9.7135922503240368e-001 -1.0221240500954082e-001
2.3552750208501958e+001
-2.7462965587395538e-001 -1.6040972729874170e-001 -9.4807556212703659e-001
202
1.1956915513456769e+001
-4.5601041365076672e-002 9.5716219894305643e-001 -2.8593892694229867e-001
1.8082256286014328e+001
-2.4588571607634757e-001 -2.8818496863254905e-001 -9.2546725413916098e-001
203
3.6001842602695451e+000
-3.8581366772139569e-001 9.0930372797201897e-001 -1.5593121591122544e-001
1.2203748935979517e+001
-8.8363073006982051e-001 -4.1280004747995069e-001 -2.2089104480903299e-001
204
3.7679672591860385e+000
-2.2165534882238777e-001 9.5397270435123271e-001 -2.0200243981502194e-001
1.6699407037282874e+001
8.8303623334183151e-003 -2.0518323585614903e-001 -9.7868374075830067e-001
205
-2.4063950576050466e+001
-2.4639732534927450e-001 7.0210853799711537e-001 6.6808080269700698e-001
1.2776752818094359e+001
-9.6642569199088202e-001 -2.2982407244673050e-001 -1.1490116441509596e-001
206
-2.1223277275028138e+001
1.6298748005063321e-001 8.6393406394318173e-001 -4.7650080220852004e-001
1.3805254945366956e+001
-8.1120379817576904e-001 -1.5755769647783824e-001 -5.6313761205037938e-001
207
-2.5755379638548376e+001
-5.1151012436524523e-001 5.3000048230146968e-001 6.7635558800978401e-001
8.6402574428415218e+000
-8.5922816638603994e-001 -3.2389343559048273e-001 -3.9600505106662109e-001
208
-7.1754750584637435e+001
7.1631876485611590e-002 7.3209196251598252e-001 6.7742913481090183e-001
2.2887625998091444e+001
6.3062035332713140e-001 4.9296178391440620e-001 -5.9942192950332585e-001
209
-5.6990285458961324e+001
-4.2562881765085020e-001 4.0646481441111326e-001 8.0847168424805016e-001
5.3414569090229094e+000
-8.8841622837247836e-001 -3.5744680938164064e-001 -2.8800761036352152e-001
210
-7.1270521357963531e+001
1.0993188576931549e-001 7.4909280834982195e-001 6.5328014279463509e-001
1.0027366193940701e+001
-8.5840581470730426e-001 -2.5977860001429204e-001 4.4232853881623252e-001
211
-1.0001618258940351e+002
2.0618802516045914e-001 7.2455707775900513e-001 6.5765001281058366e-001
1.4957123932395213e+001
-7.9191904172409833e-001 -2.7121336826688947e-001 5.4709006591978460e-001
212
-6.5670720036099766e+001
1.6073062493863108e-001 8.4231089040347795e-001 5.1446868720509809e-001
9.0512140305959434e+000
5.1147571559716898e-001 3.7471356249098942e-001 -7.7329317754631421e-001
213
-4.7650458888381458e+001
3.8787888833858519e-001 9.1531134155750660e-001 1.0842101271165616e-001
6.5722942749061275e+000
2.4621045797025776e-001 1.0463608732555547e-002 -9.6915990593831725e-001
214
-3.5113469458247657e+001
1.7520560800625706e-001 -7.5143133196711354e-001 6.3612416104192038e-001
5.9801002355427215e+000
-9.2558245529756489e-001 -3.4593412859986328e-001 -1.5370978210635880e-001
215
-5.0292775539244147e+001
3.0310145533715460e-001 -7.0616691235729745e-001 6.3988889634393553e-001
2.5206758773754636e+000
-9.2744722647269073e-001 -3.7292203396127710e-001 2.7763261593295396e-002
216
-4.0485218012103573e+001
6.4118690868097505e-001 -5.5676575248612170e-001 5.2810154799498343e-001
1.4876593354134844e+001
-7.3530339161657932e-001 -2.4885341310376366e-001 6.3039741517852288e-001
217
-1.7076965363665956e+001
7.9353010561622361e-001 -6.0822478239732414e-001 1.9302475448292299e-002
1.6435331894927451e+001
1.0817111187000027e-003 -3.0309888414555234e-002 -9.9953996446633020e-001
218
-1.2238970288589283e+002
7.1425195832851718e-001 -1.6772635769750258e-001 -6.7949393592394014e-001
5.5089073997383196e+000
-6.9715590765619162e-001 -2.5621046943924752e-001 -6.6957436911055090e-001
