#vertex_ID
#Mincurvature
#MincurvatureDirection
#Maxcurvature
#MaxcurvatureDirection
0
-8.3308259066755685e-001
9.5374509614736558e-001 2.5627200509312154e-001 -1.5714627256286734e-001
8.9967419574294782e-001
2.1718226017918466e-001 -9.4883333520272228e-001 -2.2923169037360219e-001
1
-1.0781575872843558e+000
8.8307658975423220e-001 4.6300712675130518e-001 -7.6158631851787506e-002
1.0983817056472005e+000
-4.6870623399720096e-001 8.7805525979090848e-001 -9.6609662900152576e-002
2
-9.7777989681063560e-001
8.0845497810469102e-001 5.8549243105301974e-001 5.9993012571206566e-002
8.0243429513813791e-001
-5.1888750507358683e-001 7.5714863102801500e-001 -3.9683964974648323e-001
3
-9.7719348419523955e-001
9.8221853907411882e-001 1.2105770950387745e-001 -1.4349833611850266e-001
6.5379876272687654e-001
-6.5407654762776365e-002 9.3710755207687546e-001 3.4285751346429583e-001
4
-9.5996310372198046e-001
9.4333749093202557e-001 3.2440727381430051e-001 -6.9816179345795620e-002
1.0763606508678789e+000
3.1693793809388954e-001 -9.4315281399979223e-001 -1.0006554272609233e-001
5
-9.0952570496357532e-001
8.5645853004018535e-001 5.1264851761665886e-001 6.0582866446274461e-002
1.0086385881593147e+000
4.8963103469706187e-001 -8.4391428858534379e-001 2.1924899859059210e-001
6
-7.2351478142096504e-001
6.6497651600790608e-001 7.3185263054752769e-001 1.4898979937784557e-001
5.3123470056797184e-001
-6.0333643494712419e-001 6.4397006908685350e-001 -4.7041226215476917e-001
7
-2.1343777699798802e-001
5.8335422161303141e-001 7.9107315114980503e-001 1.8412257237007046e-001
4.5646565105566250e-001
-6.2899960740858885e-001 5.8342209233022313e-001 -5.1378804585243687e-001
8
-8.8797307068332509e-001
9.9184435907413815e-001 -8.4588699153616748e-002 -9.5338970774345652e-002
4.3574451731890979e-001
1.1479466486111545e-001 9.1789657845701722e-001 3.7985267693715813e-001
9
-9.9514389915215340e-001
9.7821521290960856e-001 2.0723729833562632e-001 -1.2153164639690225e-002
7.4979402979991250e-001
-1.9770603707098436e-001 9.4787879129149666e-001 2.4987620920259257e-001
10
-9.5412168356462557e-001
9.0483707486647347e-001 4.1631938705985122e-001 8.9151757723522643e-002
9.5637444286508755e-001
4.1489026965261189e-001 -9.0920228860110097e-001 3.4889289905406538e-002
11
-6.9107856411246815e-001
8.4084599630225754e-001 4.9805409375054022e-001 2.1194369582696176e-001
8.1003279049506172e-001
4.7390870588654144e-001 -8.6659246069093476e-001 1.5629473938227784e-001
12
-6.9737804716608709e-001
7.5355769408496176e-001 6.3218361175686333e-001 1.8026281566480218e-001
8.1163123421106032e-001
5.5817129431396861e-001 -7.6016311422447824e-001 3.3256104097806116e-001
13
-2.7460381337697437e-001
6.3747282186277099e-001 7.4231245954575586e-001 2.0639916130993913e-001
5.9351565571239728e-001
-6.3185636359065778e-001 6.5697118068745242e-001 -4.1127412213282377e-001
14
1.2242353563670860e-001
5.1931319348705618e-001 8.4492717474480938e-001 1.2810884609592690e-001
4.3197671571241691e-001
-6.6458595990570535e-001 4.9353432123083019e-001 -5.6102528968259180e-001
15
2.2121632749394915e-001
3.0270782035980015e-001 9.4870391291920753e-001 -9.1262594225694438e-002
4.4575304928061255e-001
-7.9137935468153775e-001 1.9683340269838950e-001 -5.7877053187425365e-001
16
-6.5006183946226836e-001
9.4674333232906582e-001 -3.1109239470457395e-001 -8.3057718770923730e-002
4.0204399064336016e-001
3.0916040695249042e-001 8.0617247420428384e-001 5.0448566343188972e-001
17
-7.3390123791036599e-001
9.8425369003912522e-001 -1.7578861350625671e-001 -1.8521258216259620e-002
3.8632002194841658e-001
1.6553836260962848e-001 8.7994413712585007e-001 4.4530367845142060e-001
18
-1.0035481256790613e+000
9.9841034125106209e-001 2.6945319579398708e-002 4.9504951628112824e-002
3.9762946928454401e-001
-4.2131411632775194e-002 9.4022333785423950e-001 3.3794233103898413e-001
19
-9.6708326715113313e-001
9.5026353918920381e-001 2.7943179229181936e-001 1.3753937452304246e-001
7.6233484820863451e-001
-2.9749274985654900e-001 9.4508877218058296e-001 1.3529699361399955e-001
20
-6.4269876495408651e-001
8.9908095921948961e-001 3.6337927786740520e-001 2.4414939931428326e-001
7.1131162245645108e-001
3.7556610106885813e-001 -9.2678846399605241e-001 -3.6396059915825701e-003
21
-3.0104994462508372e-001
7.5587873582855714e-001 5.9767294556335704e-001 2.6727212137415812e-001
6.3836187347653939e-001
5.3900321051834654e-001 -7.9980883654782531e-001 2.6416162482640987e-001
22
9.7072974114438881e-002
5.9810031728475233e-001 7.7795097295215110e-001 1.9253128095631708e-001
5.1155648260261888e-001
-6.4390316242827084e-001 6.0950161414152826e-001 -4.6248945909473826e-001
23
2.8788427781934472e-001
5.4051190459959175e-001 8.3517921478706614e-001 1.0160000085522192e-001
4.2891499229898206e-001
-6.8868817991292275e-001 5.0857242380043433e-001 -5.1678107608345858e-001
24
2.6396604382995242e-001
7.5902808891090967e-002 9.6375747622960461e-001 -2.5575435600197594e-001
3.9339299909160480e-001
-8.7095187071547941e-001 -6.0799691715845351e-002 -4.8759228499276419e-001
25
-7.4532996767669013e-001
9.8966762685945386e-001 -9.2717193817688837e-002 1.0936868983831430e-001
3.1104659689152780e-001
4.3656330976843613e-002 9.2142535902964906e-001 3.8609510810514303e-001
26
-7.7211412764398246e-001
9.7378575416245805e-001 1.3628355155625232e-001 1.8212110960969718e-001
4.6828652222732708e-001
-1.8137970882827120e-001 9.4838376888326359e-001 2.6013386581556069e-001
27
-3.1560275863559395e-001
8.3593937639605187e-001 4.5852561563456001e-001 3.0159512396179056e-001
6.2216189361129826e-001
4.4613133169975905e-001 -8.8778299810542760e-001 1.1317324397019872e-001
28
5.1130982969048916e-002
6.9555803720807463e-001 6.7060983710535094e-001 2.5783999544831160e-001
5.0661167741437962e-001
5.8248752900600109e-001 -7.3643801802515296e-001 3.4404552628928009e-001
29
2.9535681122440932e-001
6.9328862504248601e-001 6.8653370049720874e-001 2.1914004761409525e-001
4.7165939954900188e-001
5.7955560811745432e-001 -7.1187501942390308e-001 3.9667272885821769e-001
30
2.9460116971518219e-001
2.7507364362500053e-001 9.4078620545734171e-001 -1.9813078055679106e-001
4.4551564641015245e-001
-8.3792987897626758e-001 1.3355266569431559e-001 -5.2918541495846272e-001
31
4.0775109927503314e-002
8.7814005896881253e-001 -4.7840244103887702e-001 -1.0682894244027630e-003
2.2310665417341558e-001
4.0657094960931833e-001 7.4510790913319580e-001 5.2869108814215360e-001
32
-4.3968813558804731e-001
9.3657295273981689e-001 -3.4783974457303113e-001 4.2879089211279392e-002
2.4886163009362694e-001
2.8175753829028599e-001 8.2004939495585660e-001 4.9812817572300744e-001
33
-4.9710320469295044e-001
9.7081601579655619e-001 -2.1382371707755571e-001 1.0860792553049828e-001
2.9602180380238297e-001
1.4605216341120938e-001 8.8631994373545309e-001 4.3943796251540279e-001
34
-5.2885110635740851e-001
9.8319944090951039e-001 -3.0451926385603935e-002 1.7997649728403950e-001
2.4003458827803717e-001
-3.2106813254689996e-002 9.4176231515604436e-001 3.3474302725307975e-001
35
-4.3824396120838305e-001
9.3044620186258253e-001 2.5389880735484022e-001 2.6420685279395018e-001
5.8231398829162129e-001
-2.9870703580497077e-001 9.4317826918150471e-001 1.4556393545239499e-001
36
-2.0825199358396501e-001
8.7193092207474743e-001 3.8165785363191279e-001 3.0671444356430699e-001
5.7828379849160916e-001
4.0662220691556134e-001 -9.1339085413993937e-001 -1.9378555586799809e-002
37
9.2006982026125894e-002
7.7303691557669130e-001 5.5949578076834527e-001 2.9896220239036037e-001
5.5304040877630511e-001
5.1442325544082101e-001 -8.2866340011972039e-001 2.2064832554019567e-001
38
2.6940406224952979e-001
7.8361352657025629e-001 5.5871311169585258e-001 2.7164222756277040e-001
4.6699670570147783e-001
4.9015304662694237e-001 -8.2467718195050133e-001 2.8223666744862591e-001
39
3.4137070482536297e-001
3.7535922367547342e-001 9.2474360198779315e-001 -6.2886594631830883e-002
4.2684696110094228e-001
-8.2839326005579150e-001 3.0426728193380609e-001 -4.7030418649928218e-001
40
2.8406321542470425e-001
1.7156954148596845e-001 9.5937137085380930e-001 -2.2398764524048487e-001
4.1676641223096045e-001
-8.8612069435325591e-001 5.0920537951848803e-002 -4.6064868810580356e-001
41
2.7950169876442132e-001
7.6435432043182761e-002 9.4383404265685433e-001 -3.2145750053528255e-001
3.9916049505791051e-001
-9.0906583536383878e-001 -6.6469197100695571e-002 -4.1131636584390202e-001
42
2.0799916465234830e-001
2.6339987675095639e-001 -8.6176445376348854e-001 -4.3356952286490003e-001
3.1476512667605344e-001
-9.3312935258550345e-001 -1.1358513623658092e-001 -3.4112758341927785e-001
43
1.6650653038719326e-001
8.3091152493581000e-001 -5.5205922307670430e-001 -6.9402103316774710e-002
2.2952933144494353e-001
5.1056139941983558e-001 7.0691705189655552e-001 4.8948476907902005e-001
44
1.7780156556508636e-002
9.5645095392160795e-001 -2.6847560228920248e-001 1.1455314800518002e-001
2.5422565616404080e-001
1.9075219738372703e-001 8.7195121355557670e-001 4.5090429180951164e-001
45
-1.6411340201137542e-001
9.7811207106174247e-001 -1.0925688706369216e-001 1.7708672754461527e-001
2.1336483683450314e-001
3.4196371867608058e-002 9.2388831372678348e-001 3.8113120038927967e-001
46
-2.0005833895998110e-002
9.6000362826386043e-001 9.2960583795156843e-002 2.6410483445156274e-001
2.0463998082717072e-001
-1.7236187957082300e-001 9.3956735878532360e-001 2.9581169817298314e-001
47
-2.0571752582647621e-001
9.5092560394355374e-001 1.5625580765383798e-001 2.6706669268000205e-001
3.4343533160787476e-001
-2.2408339553123605e-001 9.4296855531177004e-001 2.4616444816509409e-001
48
-3.6986456029639292e-002
9.0252381540425286e-001 3.0299481905951775e-001 3.0601454581643661e-001
4.7113162958994576e-001
3.5683162862511203e-001 -9.2399022508479123e-001 -1.3752546222611489e-001
49
6.7444616586478656e-002
8.1402484884370063e-001 4.8349079031855108e-001 3.2186985124757006e-001
5.6423652960688897e-001
4.8513856946707806e-001 -8.7068314613991238e-001 8.0940888575185901e-002
50
2.6707686912218453e-001
8.2141572070341007e-001 4.9172258813478609e-001 2.8893790007426279e-001
5.5016948023532275e-001
4.7625581608565504e-001 -8.7011033948500693e-001 1.2684003613162700e-001
51
3.3949877043308502e-001
9.1844828749527385e-001 2.1827806657941870e-001 3.2985971085803995e-001
4.3543754304779131e-001
1.4530498013872065e-001 -9.6182837758165496e-001 2.3188927276941373e-001
52
2.9633891618044517e-001
1.8602724755796857e-001 9.5739356684086252e-001 -2.2088780260063604e-001
4.0902135192435451e-001
-9.0774073783495324e-001 8.1426612940171852e-002 -4.1155371408838759e-001
53
1.7847349787581282e-001
1.8130461407753659e-001 9.3062685083909191e-001 -3.1790297483903784e-001
4.2907980619862274e-001
-9.0708683427369330e-001 3.3376575226456845e-002 -4.1961825426628185e-001
54
2.5782024305378609e-001
-1.2139643795738671e-001 -8.3159772718057001e-001 -5.4194845234521005e-001
3.4879316357106932e-001
-9.7479834634712637e-001 2.0283226885032452e-001 -9.2883016057497630e-002
55
2.2221005738725019e-001
-1.4462461617160352e-001 -8.4808005507738282e-001 -5.0974889953501601e-001
3.2914120492310250e-001
-9.6853030846585209e-001 2.2679460763707548e-001 -1.0253412860987540e-001
56
1.3495715207269549e-001
-6.5911116914361401e-001 -6.3728602924066280e-001 -3.9929811375062541e-001
2.0749733682393728e-001
-7.2302243244168696e-001 6.8305678891033772e-001 1.0330530145933750e-001
57
1.2691029679152518e-001
8.3828644981678246e-001 4.4272205728910041e-001 3.1823420313234918e-001
5.1236329660575208e-001
4.7551776823843456e-001 -8.7921290670590857e-001 -2.9453637657951795e-002
58
2.7857069400974999e-001
7.5215873140192346e-001 6.1605657251456225e-001 2.3394773398658680e-001
5.3441947763116115e-001
5.7507401834796790e-001 -7.8698702501440576e-001 2.2347549279528653e-001
59
3.5318800470284284e-001
8.5458694074570785e-001 4.5575349076351046e-001 2.4893757523477097e-001
5.2179804246167238e-001
4.0056834145259135e-001 -8.8358445249733852e-001 2.4253560384178446e-001
60
3.2388311296699940e-001
8.0148757523225034e-001 5.7761331276737526e-001 1.5485647439557029e-001
3.5566125630844231e-001
4.8883604912119227e-001 -7.8197876906806296e-001 3.8671503953994324e-001
61
2.8189609931615356e-001
4.1956351387908902e-002 9.4100891490671956e-001 -3.3577058632985107e-001
4.3717522303093903e-001
-9.3809963193333346e-001 -7.8543829542074964e-002 -3.3734247791733762e-001
62
-2.2697445827330687e-002
-1.8950525566264079e-001 -9.2783925579079363e-001 3.2125079531391559e-001
3.5732295402964115e-001
-9.2302673166790605e-001 5.6771381697826279e-002 -3.8052419482417021e-001
63
2.0014451218458731e-001
-4.3844826473920506e-001 -7.5585134326656456e-001 -4.8626316540460879e-001
2.9975358220862292e-001
-8.8421776062542101e-001 4.5969078784804968e-001 8.2724430262195503e-002
64
2.1049775859706776e-001
-5.1848140387187813e-001 -7.2287558147713038e-001 -4.5675806237344824e-001
2.8883661935214239e-001
-8.3572772176631249e-001 5.4141555885817660e-001 9.1806141938200525e-002
65
1.8147882717536304e-001
8.0596751567953162e-001 4.5820298711613427e-001 3.7478845535477151e-001
2.3168286112346745e-001
-5.5742793952317216e-001 8.0054310947491714e-001 2.2001095907063678e-001
66
1.8182777592226687e-001
-6.4686993303825913e-001 -6.6169793348275840e-001 -3.7909779022796353e-001
2.3510455654155746e-001
-7.3567606671790187e-001 6.7238954736004863e-001 8.1688563822766624e-002
67
1.5057470968525860e-001
8.8361191949827900e-001 3.4878208908640190e-001 3.1237962490068383e-001
3.0196300857170250e-001
-4.1645400895151052e-001 8.9036819347399898e-001 1.8387642175674038e-001
68
2.2405985092994779e-001
7.8653931144157330e-001 5.2969538531356408e-001 3.1745662748559894e-001
4.2901673366373666e-001
-5.7815024174169116e-001 8.1227897192596787e-001 7.7104926826478570e-002
69
2.5823488318032528e-001
8.5186820064620405e-001 4.4052332032428121e-001 2.8330155837599902e-001
5.4394870235376813e-001
4.5356560265789042e-001 -8.9096178411909122e-001 2.1571817839732360e-002
70
3.0627664687831307e-001
8.3149244627550978e-001 5.0017829616301601e-001 2.4174776903671813e-001
5.4052509349312183e-001
4.9124623295526304e-001 -8.6520618059746268e-001 1.0047588597874478e-001
71
2.9613462742418745e-001
4.9792824416302200e-003 9.5425139463608544e-001 -2.9896401552938257e-001
4.5639553094198132e-001
-9.5018572023118775e-001 -8.8657898480084985e-002 -2.9880909307756032e-001
72
1.0082242775341904e-001
-5.7381704146405449e-002 -9.2790445190116511e-001 3.6837571604443958e-001
4.0820436089218165e-001
-9.5148477776444984e-001 -6.0898186758207559e-002 -3.0160923151007601e-001
73
1.9080453253774807e-001
-1.1662414230967443e-002 -8.4212972662051699e-001 -5.3914887706120540e-001
2.6707387683586997e-001
-9.9095485156787366e-001 8.1821272271998202e-002 -1.0636616735543929e-001
74
2.0047837617504127e-001
-3.9687781291176699e-001 -7.6086752180732564e-001 -5.1338934141365999e-001
2.8542329477132683e-001
-9.0680547141053047e-001 4.1161529276852182e-001 9.0976303392750008e-002
75
2.2621190094134533e-001
-3.5536124901118699e-001 -8.2391505272123366e-001 -4.4145483189175327e-001
3.0893580576760871e-001
-9.2308669170664259e-001 3.8363920570170457e-001 2.7054009733330484e-002
76
1.6867584691270132e-001
-2.7571842573613142e-001 -8.6889819997118878e-001 -4.1109034018864710e-001
3.2139760798912242e-001
-9.4749917120623406e-001 3.1771885393782673e-001 -3.6056211891071610e-002
77
1.8119465455792894e-001
-3.3496343414604868e-001 -8.5710195650123699e-001 -3.9137671615316755e-001
3.1341050453846719e-001
-9.2738889541503533e-001 3.7333584227217675e-001 -2.3878558076335585e-002
78
2.7374442309329561e-001
7.9694204800889812e-001 5.3449830589750180e-001 2.8141594323720120e-001
5.0491183341449541e-001
5.6416778989270355e-001 -8.2509478206567366e-001 -3.0550048372800329e-002
79
2.4174052701185816e-001
8.4006063890147620e-001 4.8494234785541090e-001 2.4316464016160982e-001
5.4137755519952879e-001
4.9928198164554877e-001 -8.6643416051414746e-001 3.0574986898323081e-003
80
2.3264375545886018e-001
-2.1741736820313290e-001 -9.3221954702634535e-001 2.8930330821755063e-001
5.3140273328221888e-001
-9.3974572659117794e-001 1.1980385342281800e-001 -3.2019526239259588e-001
81
-1.5973795182247991e-001
-1.6976073045980589e-001 -9.3176692199949962e-001 3.2092319558008198e-001
4.3460044199549458e-001
-9.4786442012556449e-001 6.5260739115170066e-002 -3.1191998491627460e-001
82
2.0322670265674661e-001
-4.1350401422418787e-001 -7.6683655706199660e-001 -4.9089319100369055e-001
2.8203913819569559e-001
-9.0276168531140533e-001 4.1545008693526364e-001 1.1145656014426798e-001
83
2.1870895853302241e-001
-3.8826314531693745e-001 -7.9390948748202050e-001 -4.6793103730639024e-001
2.8973707837111373e-001
-9.1217825480445014e-001 4.0331101067208730e-001 7.2602066999274337e-002
84
2.3395404211697407e-001
-1.6082617817018077e-001 -9.2559312582474218e-001 -3.4265479106698021e-001
2.9028489332809732e-001
-9.7324258167066147e-001 2.0645125953252552e-001 -1.0087990216321249e-001
85
2.4400660712526620e-001
-2.5330304521819902e-001 -9.1218768063961697e-001 -3.2210433491727991e-001
3.1346188362643607e-001
-9.5401823776059991e-001 2.9071213237513782e-001 -7.3045589258079080e-002
86
2.7316868530254529e-001
7.0830873836783537e-001 6.4917486254990586e-001 2.7725571046432229e-001
4.2300225515982498e-001
-6.8960726543567341e-001 7.2025607940060743e-001 7.5319317208791897e-002
87
2.8948157183331347e-001
7.7706759929475988e-001 5.8338584318561726e-001 2.3627717641973942e-001
5.0230141259443306e-001
-6.0943192634292453e-001 7.9121356581998059e-001 5.0732833711346070e-002
88
-6.4131016598133472e-002
1.4839484640499744e-002 -9.2547972153643077e-001 3.7850637342118204e-001
4.4162496929830797e-001
-9.7365020375398093e-001 -9.9527852313874135e-002 -2.0518159601586894e-001
89
-3.5974679249362645e-001
-1.3510250045308175e-001 -9.4181001663818353e-001 3.0780059605418236e-001
4.4102025488361257e-001
-9.7183297816652903e-001 6.5414290268175593e-002 -2.2641032038466369e-001
90
1.7171855508637413e-001
-4.6492576198034519e-001 -7.1386559363765512e-001 -5.2367924349486472e-001
2.8751284172757074e-001
-8.8067632160420362e-001 4.3358949070882336e-001 1.9081239507053144e-001
91
1.8826538699911630e-001
-3.6059990659047708e-001 -7.7374288751703713e-001 -5.2085473155548556e-001
2.8683075247856782e-001
-9.2676829614693046e-001 3.6021565464138477e-001 1.0651388364055579e-001
92
2.4175509268498882e-001
-2.3630294076571026e-001 -8.6383884620330775e-001 -4.4490826916974147e-001
3.1305225204130266e-001
-9.6753351289026801e-001 2.5143285414644873e-001 2.5698663194577351e-002
93
1.8733961205962865e-001
-1.5412759775869492e-001 -8.9782726186101980e-001 -4.1249350475889596e-001
3.0377871835121839e-001
-9.8296647992172992e-001 1.8163141359401247e-001 -2.8052253851040355e-002
94
1.4231302415184513e-001
-2.7051718096249222e-001 -8.7802075536908319e-001 -3.9484175050925241e-001
3.3353511846916828e-001
-9.5675651409474693e-001 2.9075235497481194e-001 8.9465531837290835e-003
95
2.3039890018399659e-001
-4.7853683968544558e-001 -8.0103702961220213e-001 -3.5964172485117163e-001
3.5477974630301035e-001
-8.7070549615364989e-001 4.8582302883271061e-001 7.6471717802317998e-002
96
2.4101718537587988e-001
-3.5251217635304066e-001 -8.7868379776652383e-001 -3.2194712153619520e-001
3.0727191145181709e-001
-9.2897203112724602e-001 3.7008161949556706e-001 7.1105762676077072e-003
97
2.3928577010864979e-001
-1.2427938349806647e-001 -9.5044518667965139e-001 -2.8497119495630296e-001
2.8221506956144443e-001
-9.8647060724193136e-001 1.4929567326005924e-001 -6.7724020801786633e-002
98
1.7992763424398220e-001
4.7968010900694856e-004 -8.2389441793931861e-001 -5.6674311464315519e-001
3.8522455687944757e-001
-9.9936670585140341e-001 1.9769934286711262e-002 -2.9586093591638794e-002
99
1.7644892552516395e-001
-2.1727955789391654e-001 -8.1516512284644627e-001 -5.3693148186352657e-001
3.7776832746825600e-001
-9.7498309457256860e-001 2.0766190154112768e-001 7.9274838038439502e-002
100
2.2912203353992622e-001
-2.3650095329949053e-001 -8.2900415438438491e-001 -5.0677353038794692e-001
3.5238786167919045e-001
-9.6990507415338523e-001 2.3250230462810539e-001 7.2296787439940446e-002
101
2.2288096436780402e-001
-1.3866596727541472e-001 -8.6701424321380238e-001 -4.7860009567902406e-001
3.3421975239870649e-001
-9.8754944640410158e-001 1.5730464186687915e-001 1.1578229939726709e-003
102
1.2344601429714756e-001
-1.1772616409443189e-001 -9.0975544212253401e-001 -3.9810248154971806e-001
2.9601855949872069e-001
-9.9110764489246650e-001 1.3267784388925247e-001 -1.0110686257986286e-002
103
2.2534527054202161e-001
7.1214303007367552e-001 6.6151549456164016e-001 2.3505223924130758e-001
3.4914009405096458e-001
-6.9439686110198262e-001 7.1299350294721742e-001 9.7227897471715202e-002
104
2.2885079196375271e-001
-1.7956261527959200e-001 -8.5718274042403342e-001 -4.8269557353791576e-001
3.6102933331624210e-001
-9.8368605033628709e-001 1.6189289821348807e-001 7.8437515780606606e-002
105
2.2099809940995396e-001
-2.3824438066013109e-001 -8.5981621196354852e-001 -4.5161454441650206e-001
3.6315297594428664e-001
-9.7080751962726397e-001 2.2413977284507364e-001 8.5405632508156137e-002
106
2.1002618750670698e-001
-2.7829493059948551e-001 -8.6730932492918322e-001 -4.1270627144921396e-001
3.3357464949499682e-001
-9.5927050393862268e-001 2.7267009853476154e-001 7.3831684515421797e-002
107
1.6289086642934153e-001
-1.9741096420647816e-001 -9.0094694188925484e-001 -3.8642401466713777e-001
3.2932235002657811e-001
-9.7861199382955832e-001 2.0437500049384907e-001 2.3439810282420134e-002
108
2.5432314503624698e-001
-3.8256433261117917e-001 -8.5985776916130519e-001 -3.3806678072047647e-001
3.8132535224721820e-001
-9.2200576872074913e-001 3.7888954956921878e-001 7.9674786933476877e-002
109
2.5225508856547174e-001
-3.3484188417544436e-001 -8.9219698700799333e-001 -3.0309313581092046e-001
3.8931514292506908e-001
-9.3992666933969204e-001 3.3894869499766961e-001 4.0640354616689467e-002
110
2.4885733894207060e-001
-4.1502232687007264e-002 -9.6574546922289095e-001 -2.5615084102429125e-001
3.3310705682380060e-001
-9.9743229397270194e-001 5.5022497905259281e-002 -4.5840415188119987e-002
111
1.3496319388245587e-001
-1.6453209166845514e-001 -8.1942141695325388e-001 -5.4906987920439054e-001
3.5780569101881265e-001
-9.8616795522462442e-001 1.2534115513395302e-001 1.0845440939753759e-001
112
2.2439385875281859e-001
-2.9595291518109407e-001 -8.0936634557566689e-001 -5.0728492057748187e-001
3.3976929480762330e-001
-9.5510220020561765e-001 2.4304469035904619e-001 1.6943749777030948e-001
113
1.5808525075956120e-001
-9.1733353460257669e-002 -9.1304124049213164e-001 -3.9741751977426087e-001
3.9983953175748582e-001
-9.9577316981358377e-001 8.5937373614287882e-002 3.2412375656317875e-002
114
2.0736101188202827e-001
3.2373083376259729e-002 -9.2682067811476654e-001 -3.7410615350672610e-001
4.3461456306242752e-001
-9.9947575731296256e-001 -2.9854818400421635e-002 -1.2525987464375211e-002
115
2.3753266835549280e-001
-1.1896491246713344e-001 -9.3576384472050211e-001 -3.3195387709076507e-001
4.7856958760866131e-001
-9.9284226443833468e-001 1.0855600297583420e-001 4.9797913238109934e-002
116
1.1649733023379728e-001
-4.1953791190645706e-001 -7.6183960878530843e-001 -4.9354670595498662e-001
2.5360668076578480e-001
-9.0626737192759743e-001 3.2060131377824452e-001 2.7548910719502095e-001
117
2.6215444914807606e-001
-1.3765189641986383e-001 -8.5945865157690438e-001 -4.9232385849319155e-001
3.2689872383053697e-001
-9.8913619848287448e-001 9.3391417077183250e-002 1.1352367183615425e-001
118
2.0447850864153325e-001
-4.7933820450468671e-002 -8.8232953837531880e-001 -4.6818472269758965e-001
3.5997399813150588e-001
-9.9834115934052892e-001 2.7353457075615935e-002 5.0662786664581766e-002
119
2.1797897614270556e-001
-1.7370245424571881e-001 -8.8802884464028820e-001 -4.2571378703989488e-001
4.0216568360679028e-001
-9.8455708146112697e-001 1.4703059516448327e-001 9.5022931076270037e-002
120
2.4195256717033270e-001
-4.1568886621319234e-001 -8.7160747932558624e-001 -2.5981371882579363e-001
4.9846972690466668e-001
-9.0936066997854370e-001 3.9318094361438316e-001 1.3591143246495960e-001
121
2.6746220575060475e-001
1.1313662016843817e-001 -8.3089215302171249e-001 -5.4481036629620561e-001
3.0838660389362138e-001
-9.9085809215279985e-001 -1.3490826881078219e-001 -1.4892668337124215e-005
122
2.1324698332159414e-001
5.6015721457326050e-002 -8.7474648628662799e-001 -4.8133234223228061e-001
3.3576159459417149e-001
-9.9459731444519928e-001 -9.1088152544623088e-002 4.9790868283305978e-002
123
2.0631082874228496e-001
1.0230968889596966e-001 -8.8443572465970288e-001 -4.5530888032595607e-001
3.7089683991095540e-001
-9.9096394352934580e-001 -1.3052678282600050e-001 3.0874286872110031e-002
124
1.9458042497442557e-001
5.4658227245823355e-003 -9.0851291679582558e-001 -4.1782102005174954e-001
4.1375584345006639e-001
-9.9656875586822580e-001 -3.9457069458528241e-002 7.2758879162624343e-002
125
1.9415960684334230e-001
4.2935940919299483e-002 -9.1772536902888302e-001 -3.9488815127599741e-001
4.4397040834537072e-001
-9.9649658936501639e-001 -6.7731670184327741e-002 4.9060862588541768e-002
126
1.9969247039587695e-001
3.6853675348180313e-002 -9.3360135362286356e-001 -3.5641312984637319e-001
4.4297706010649113e-001
-9.9607065632570235e-001 -6.3058982272011704e-002 6.2183698520610155e-002
127
1.5666418810864136e-001
-2.1229761160263075e-001 -9.2971149565054001e-001 -3.0094228510306503e-001
4.1199668727814420e-001
-9.7272642086296135e-001 1.7160333376153425e-001 1.5606282708275010e-001
128
1.9539107696566693e-001
1.0961568303423617e-001 -9.1716813738684444e-001 -3.8312792875916080e-001
3.6450650331322376e-001
-9.8436950041196902e-001 -1.5362250345724804e-001 8.6120921327042577e-002
129
2.4549660740203330e-001
8.5636683446857848e-002 -8.5409586958400430e-001 -5.1301715761538291e-001
3.8306728266537393e-001
-9.8887219420826056e-001 -1.3573074206842009e-001 6.0901142676441547e-002
130
2.4104557947497102e-001
7.9700079669160775e-002 -8.7683476497587831e-001 -4.7413995004684600e-001
3.9051185502267932e-001
-9.8708304931736468e-001 -1.3573847528254429e-001 8.5100646756079146e-002
131
1.9331911113353262e-001
8.0891086562316333e-002 -8.9545727411369413e-001 -4.3773611040402022e-001
3.4168051749702022e-001
-9.8558854058986289e-001 -1.3732188192254718e-001 9.8782232224193245e-002
132
1.9327999095198639e-001
7.8857587155552369e-002 -9.0783192065149343e-001 -4.1185274649348230e-001
3.3082811218844604e-001
-9.8613892006569204e-001 -1.3153927694527828e-001 1.0113085064600214e-001
133
1.3509211945312771e-001
-1.7617104959349641e-001 -9.3142158682614895e-001 -3.1846128317172956e-001
2.9721035891087455e-001
-9.7352597611568414e-001 1.1699590161954584e-001 1.9636479529751233e-001
134
1.3624505415490087e-001
-2.8505091939164062e-001 -9.1702436686376820e-001 -2.7894853276560816e-001
3.0084432688392682e-001
-9.4857161344562346e-001 2.2808000087684926e-001 2.1952541393921360e-001
135
1.6762358352483334e-001
-4.0919305045178725e-003 -9.2706043832643759e-001 -3.7488958347057250e-001
3.2895538089845944e-001
-9.8283687804351694e-001 -6.5414132586983434e-002 1.7248960089108442e-001
136
-1.2227454805830216e+000
8.4087806819724842e-001 5.3926769796734952e-001 -4.5982870222063016e-002
8.8144866055849214e-001
-5.0226411227178425e-001 7.4587356681664285e-001 -4.3749672438551518e-001
137
-1.0897039367392249e+000
9.1243911430343727e-001 3.6153917455081053e-001 -1.9168799637504078e-001
1.4542803801886306e+000
3.7205758381138315e-001 -9.2797743608582672e-001 2.0761320863835676e-002
138
-7.4424596907373552e-001
9.6406217289864460e-001 1.8784604369675117e-001 -1.8787759486810068e-001
9.0960488246221982e-001
1.7128886084179643e-001 -9.8003710562137425e-001 -1.0093263969994577e-001
139
-1.4376498570123686e+000
8.5753326198362034e-001 4.9342848643992793e-001 -1.4548207230216947e-001
7.7740402712974843e-001
4.6234044265323593e-001 -8.6324342310723701e-001 -2.0261319687846055e-001
140
-1.6542202150493515e+000
9.0902170045514508e-001 3.7118876365460562e-001 -1.8946886245027597e-001
1.2587908293752486e+000
3.2464536677021399e-001 -9.1577989592461018e-001 -2.3654295181836071e-001
141
-1.1746256143264830e+000
9.5282414375029789e-001 1.9564854366392739e-001 -2.3205128409189177e-001
1.1527575990192658e+000
1.2787485030356294e-001 -9.5212126995323532e-001 -2.7769247372314498e-001
142
-1.0948284324376891e+000
9.5623483056241443e-001 6.0384956213715327e-002 -2.8630159951061818e-001
7.2611419017676648e-001
4.2457647282808618e-002 9.3948228043233073e-001 3.3995645741899960e-001
143
-1.3378612835823911e+000
9.7439512831381714e-001 -2.0170704222840302e-001 -9.9339836086885402e-002
1.1924738660026071e+000
2.2263166697478209e-001 8.0373334511218075e-001 5.5176793202832486e-001
144
1.6082757046849860e-002
8.6563101089546723e-001 -5.0028218312973849e-001 -2.0017248038486479e-002
2.9689100834364796e-001
4.2458150652057919e-001 7.1228411447371853e-001 5.5891133875517873e-001
145
2.1064621785898058e-001
6.4359316130869049e-001 -7.2971329314551603e-001 -2.3088168511904986e-001
4.0860044601585138e-001
-7.1647648244263318e-001 -4.6832634178276134e-001 -5.1704147580151361e-001
146
3.1029336844297323e-001
-6.1315819327884236e-001 -5.7778870051371467e-001 -5.3869958935727702e-001
3.5775164627638784e-001
-7.5213031429420019e-001 6.3549762290233980e-001 1.7447854196199478e-001
147
3.4430018637785226e-001
6.5914097650989012e-001 -6.9833549212519919e-001 -2.7903532665926811e-001
4.3039813550311928e-001
-7.1877134732951842e-001 -4.7591714209867353e-001 -5.0682405636940708e-001
148
3.0603316268071556e-001
-3.0589683135904583e-001 -7.5776142587064088e-001 -5.7638940832304419e-001
3.2323395897076068e-001
-9.3537705023943940e-001 3.5205407772671959e-001 3.3581248359084742e-002
149
9.4185356226325637e-002
3.2392255719238444e-001 -8.1565365123098899e-001 -4.7935717182024395e-001
2.7073505780806206e-001
-9.3185903141167648e-001 -1.8753599414229316e-001 -3.1059458539638823e-001
150
2.2066955918473474e-001
9.7926834919898464e-001 -1.9805727748666357e-001 -4.2506647617361046e-002
2.9680672516170215e-001
1.8550690796715311e-001 7.9253847064207039e-001 5.8092164673800417e-001
151
2.3629193985137073e-001
7.0793941199588362e-001 -6.0326790374626615e-001 -3.6727322969760301e-001
6.1574678580645803e-001
7.0212155137972643e-001 5.4483581960728866e-001 4.5845311293629593e-001
152
1.7623842451397098e-001
-5.6029836615752782e-001 -6.7112677950546062e-001 -4.8544267088074744e-001
5.3216270074273964e-001
-8.2817751113407534e-001 4.6361775544615497e-001 3.1492949510459900e-001
153
1.4155335077058390e-001
2.8734977075666187e-002 -8.1650921083680505e-001 -5.7661686561452474e-001
3.7465506841964774e-001
-9.9942414778061017e-001 -3.3882720051205129e-002 -1.8259558957004381e-003
154
-5.4827095208986976e-001
3.2908683325077251e-002 -9.8231963695768554e-001 1.8429636298400123e-001
1.1159066331044722e+000
-9.9387906020090810e-001 -5.1620442136531081e-002 -9.7671611268519531e-002
155
-5.4002120101352569e-001
-1.6910451267026808e-001 -9.6169992416413130e-001 2.1572417494860263e-001
3.7266538780706293e-001
-9.7428006388797173e-001 1.3003436689861514e-001 -1.8403646523373196e-001
156
-5.4682492797792537e-001
-2.9779252103422099e-001 -9.3264037238360886e-001 2.0371929269523345e-001
5.6075814496712617e-001
-9.3113221954120207e-001 2.3671442266833220e-001 -2.7741498127006908e-001
157
-2.9643933423710961e-001
-1.5922233404022124e-001 -9.4628492764627414e-001 2.8141265794606651e-001
4.5804727464456002e-001
-9.5952065853796120e-001 8.1255424368508605e-002 -2.6966212535239498e-001
158
-1.7881138373407590e-001
-3.0468926504567151e-001 -9.1906821211653555e-001 2.4995614263875060e-001
7.2766884850763691e-001
-9.0873109395828688e-001 2.0191501371170706e-001 -3.6529183690739148e-001
159
-2.1663440945301984e-001
-3.4691663955422686e-001 -9.0867731424772547e-001 2.3228082954032780e-001
4.8228464613650790e-001
-8.8109837334480812e-001 2.3087878527339001e-001 -4.1274767473580870e-001
160
-2.0909942089335626e-001
-4.9653196667626021e-001 -8.5330932462506437e-001 1.5912008853856849e-001
1.2039111517760968e+000
-7.9377710722976713e-001 3.7219073491177229e-001 -4.8103218279422622e-001
161
2.6419196809026152e-001
5.3247891940947389e-001 8.4558896226540003e-001 -3.8019827451517302e-002
8.9939763500144165e-001
-6.7831971031259930e-001 3.9941773285597815e-001 -6.1672347553958229e-001
162
3.1496827436625707e-001
7.5475886153574201e-001 6.1132432999774333e-001 2.3795298797468586e-001
1.1547118695577225e+000
3.9759436411020210e-001 -7.1481055826861883e-001 5.7529521761918856e-001
163
1.6120171768577063e-001
2.8678483288156242e-001 9.4954038286680142e-001 -1.2699417677304273e-001
1.4106932102135241e+000
-7.7176270415000525e-001 1.5045790483174837e-001 -6.1785495656886336e-001
164
2.3250880596264878e-001
4.0577400403058606e-001 9.1390303869807721e-001 -1.1344316260002624e-002
9.5929779042437269e-001
-7.0643405704101514e-001 3.0573379768235182e-001 -6.3833985306206498e-001
165
2.4376783101250010e-001
1.6674705409272300e-001 9.7170583137561550e-001 -1.6728178986973674e-001
5.7159835926724922e-001
-7.9715519824078984e-001 3.3007780821793863e-002 -6.0287152555325385e-001
166
5.5823951363099589e-002
9.2790164716148982e-001 2.5177129592757352e-001 2.7497226722334017e-001
3.7772919524305576e-001
-3.6232326663089853e-001 7.8278692097981684e-001 5.0593130640518058e-001
167
-4.2057204104748092e-001
5.7285133816923350e-001 -7.3804596741438344e-001 -3.5655223227612165e-001
1.7919242168507212e+000
-8.0300047092045790e-001 -4.1807384680481285e-001 -4.2474051174728877e-001
168
7.1022108963151753e-002
-3.3860073211015869e-002 -8.3237241590736444e-001 -5.5318139581757608e-001
2.7825285680995238e-001
-9.9076612365071370e-001 1.0066426290233810e-001 -9.0825075835186508e-002
169
-1.8487554477437675e+000
8.5129012306002705e-001 4.7666822019529442e-001 -2.1930010085792051e-001
1.1257731486004992e+000
-5.1049725020825554e-001 8.4901328061869308e-001 -1.3626814324299702e-001
170
1.5065091363914329e-001
3.9271524083931553e-001 8.9515407187752027e-001 -2.1088842361214155e-001
3.8145692523784092e-001
-8.2230161880779562e-001 2.3909984517469460e-001 -5.1638291193988595e-001
171
-1.0939359583966468e-002
5.8864471834131904e-001 7.8356860999554279e-001 1.9879041475514417e-001
4.2731377270943188e-001
-5.6814308884942544e-001 5.7593442051073784e-001 -5.8780351637566308e-001
172
-5.1357814216494813e-001
5.9303144572298894e-001 7.9543301213156248e-001 1.2490007043637308e-001
3.7415550444943635e-001
-6.3398805050982698e-001 5.5691890295717628e-001 -5.3656359114248908e-001
173
1.0506417243501787e-001
4.4893036508547046e-001 8.7262646844002756e-001 -1.9231373815230032e-001
9.8651232952443069e-001
-8.0071748230590212e-001 2.9732559840898282e-001 -5.2004711523133884e-001
174
-9.1485177063472278e-001
8.7547184888485685e-001 4.7867054723779751e-001 -6.6509766329448300e-002
9.8895741248300384e-001
-4.7703836693851143e-001 8.3393287514036007e-001 -2.7747136109654758e-001
175
-4.7496794600443415e-001
9.4086851488721446e-001 -2.6809600585231991e-001 -2.0710135040593122e-001
6.3399774138529075e-001
3.3286810145107315e-001 8.4523772649668716e-001 4.1805742756596181e-001
176
-1.0018511398568302e+000
9.6476524696380273e-001 -7.4950496666477129e-002 -2.5221110463324437e-001
5.7380019156950879e-001
1.6828102748071933e-001 9.1264797990220325e-001 3.7249853767560076e-001
177
-4.9675301284022894e-001
8.9953073631885250e-001 -4.3634311763882083e-001 -2.1192878683579552e-002
1.3706977669334824e-001
3.8032126902355978e-001 7.5832641541265333e-001 5.2943061869871555e-001
178
4.9747940097388213e-002
-4.5087611949565759e-001 -7.4433876095430296e-001 -4.9261601050874387e-001
2.1255815214140755e-001
-8.9142709470738546e-001 3.4738163461326127e-001 2.9100469885376179e-001
179
-1.0949202631555797e+000
7.3493089288916025e-001 6.7611740388937858e-001 5.2362570936009739e-002
4.2598276602480756e-001
-5.7629420381946261e-001 6.6338817627314794e-001 -4.7728515399609739e-001
180
1.7764273789633095e-001
-2.3256657046292578e-001 8.6405612445586621e-001 -4.4645246565947183e-001
3.7039436724973124e-001
-8.2451324457387976e-001 -4.1862670744916280e-001 -3.8069619033098656e-001
181
-1.0571379132146902e-001
5.8048872734067547e-001 7.9269297082365875e-001 1.8620067517913380e-001
3.7277195370292937e-001
-5.9582469372366331e-001 5.6936824054421453e-001 -5.6640333774501050e-001
182
2.2552937619438329e-001
3.5420401504235977e-002 9.2361656989225394e-001 -3.8167764799336368e-001
3.9408537699651780e-001
-8.9722708774206728e-001 -1.3881557519364573e-001 -4.1918228624972426e-001
183
-5.5081759599659863e-001
1.1757695179401800e-001 -9.7692672762290422e-001 1.7829702538974421e-001
2.6490010175196934e+000
-9.9211489495296767e-001 -1.0770898767607306e-001 6.4084391128085394e-002
184
-5.1862698062512225e-001
1.5442313652113815e-001 -9.6234212958991328e-001 2.2372107751243309e-001
8.3202191313151741e-001
-9.7860523345673212e-001 -1.8014146107203069e-001 -9.9402470059493611e-002
185
-3.1158372418996966e-001
1.7890596378742213e-002 -9.3022476169063018e-001 3.6655397869730394e-001
5.3522959477765464e-001
-9.8766414988816376e-001 -7.3482271979166916e-002 -1.3827466409458652e-001
186
5.5267342199665226e-003
-3.8570479629631510e-001 -8.7977959693651453e-001 2.7788427614430067e-001
2.2551962946266126e+000
-9.0934998353012186e-001 3.1159990070355464e-001 -2.7565940821111468e-001
187
1.3713418773797353e-001
-2.7815270914852686e-001 -9.2044292442321030e-001 2.7461954277251199e-001
9.8258392201207423e-001
-9.4036068997729438e-001 2.0265245300432677e-001 -2.7322839537053228e-001
188
3.6317926802934608e-001
-4.1286741096515545e-001 -8.9251170624079390e-001 1.8155813169912299e-001
6.1468243503760478e-001
-8.7863499351181407e-001 3.3779626137441865e-001 -3.3748219801636870e-001
189
1.9092523401984066e-001
2.1511017635472329e-001 -9.1142910753376005e-001 3.5074861933991019e-001
5.8042653508685460e-001
-9.4387836421185300e-001 -2.8621045886601038e-001 -1.6485510853007934e-001
190
2.1706618053035132e-001
6.7172767401790923e-001 -6.2725076156519255e-001 3.9412994567068305e-001
3.8554992686128364e-001
-6.7940279295819506e-001 -7.3370081292494704e-001 -9.7448465291272157e-003
191
2.0410295244899762e-001
8.6566164987930505e-001 4.6812877112132378e-001 1.7744114961495894e-001
3.4789013252700257e-001
3.9175057036195715e-001 -8.5410050613009092e-001 3.4211667023020598e-001
192
3.8094336773337101e-001
7.0031047952599479e-001 6.9540255616338786e-001 1.6118472988312996e-001
7.3632125634082490e-001
6.5930443854680687e-001 -7.1666491308398916e-001 2.2739626132986057e-001
193
2.4655221057078891e-001
6.1002981758194075e-001 7.7637547072519852e-001 1.5844478570521059e-001
4.7214765087022237e-001
-7.4340842469472790e-001 6.2997625915713451e-001 -2.2466380881505091e-001
194
4.9309800713448582e-001
-1.4686044493136738e-001 9.8833895545037587e-001 -4.0225848080814100e-002
6.5172349624713977e-001
-9.5632684373530275e-001 -1.5225891178934181e-001 -2.4951190699443493e-001
195
4.0853171434885305e-001
3.6468866826133750e-001 9.2198622548499842e-001 1.3016748925018753e-001
6.5958499301415585e-001
-9.0257737940543814e-001 3.8438774036617868e-001 -1.9390755333868528e-001
196
2.5209096130422376e-001
-5.1255568311850619e-001 -8.2999956353707816e-001 -2.1997135320577801e-001
4.8390258539426240e-001
-8.4816718407868807e-001 5.2931588475256419e-001 -2.0907462797742207e-002
197
1.4785673715656111e-001
8.7573823658149308e-001 4.4428798655214702e-001 1.8891989306204943e-001
3.0304095467369346e-001
-4.7112658801590118e-001 8.7192216196837191e-001 1.3338471251569839e-001
198
8.2683205135377136e-002
-6.8631455163657140e-001 -6.9044488262792258e-001 -2.2860052551297005e-001
3.1346773255876387e-001
-7.2076837532836069e-001 6.8772119405576948e-001 8.6790024617015418e-002
199
1.6693010141184750e-001
-3.2604149309518665e-001 -8.4339867357160425e-001 -4.2705458924816553e-001
1.2586746795114911e+000
-9.2793081660889487e-001 1.9918337367770086e-001 3.1507202865046358e-001
200
2.7012989300907975e-001
-2.0038511502794404e-001 -8.5675727969057236e-001 -4.7519761086567774e-001
1.5973510982033532e+000
-9.6207515863258086e-001 8.0447837377056131e-002 2.6065213331843196e-001
201
2.2874683903659890e-001
7.1259115368018822e-001 -5.4544162084073144e-001 -4.4125648544964674e-001
3.3813496504966201e-001
6.9086571953082621e-001 6.5503846430080892e-001 3.0598883617477191e-001
202
2.4668717990657790e-001
2.4771576661926262e-001 -7.9940793522179232e-001 -5.4734253632680707e-001
3.8032003135392684e-001
-9.6237688381434905e-001 -2.6814529890236494e-001 -4.3918471926336106e-002
203
2.1584352911055546e-001
7.9675463683532144e-001 5.3232272156491711e-001 2.8603246107240071e-001
2.9004405669279787e-001
-5.9863043895781054e-001 6.3056130612134753e-001 4.9399801292689333e-001
204
5.1836445759911878e-002
-3.0033886185544884e-001 -7.9665063913631406e-001 -5.2454201664220979e-001
2.9215469000767968e-001
-9.5111565229341943e-001 2.0865375409952669e-001 2.2768976011809997e-001
205
4.8297943494643114e-002
-2.1779346055217585e-001 -8.1112406641105506e-001 -5.4281097762434971e-001
3.1096468713240538e-001
-9.7389626848644018e-001 1.4416101021892375e-001 1.7533870468566626e-001
206
6.7993136826862852e-002
-6.3882348928536492e-001 -6.5014457570296191e-001 -4.1135942947899834e-001
1.1667346352341161e-001
-7.6754556402436025e-001 5.0193916038328268e-001 3.9866136810613101e-001
207
-1.7657512647941874e-002
-3.4775540173915348e-001 -7.7990721742092639e-001 -5.2039495844597472e-001
1.2945505613646063e-001
-9.3611643773979814e-001 2.5776217359350378e-001 2.3925859829419449e-001
208
8.5835315498343723e-002
5.2075189718132953e-001 -8.3327673339035169e-001 -1.8565383694486570e-001
4.1206243373281243e-001
-8.5333578830088619e-001 -5.0164580910321777e-001 -1.4201941632777959e-001
209
1.7934352021634381e-001
8.5194729063090821e-002 -9.1087546199388991e-001 -4.0379171719747309e-001
1.2989143984305553e+000
-9.6377063569810650e-001 -1.7814604982752474e-001 1.9851988992772673e-001
210
5.3530064045308623e-001
6.7719665491727823e-002 9.9198977221521090e-001 -1.0663179041028314e-001
1.2829960028353551e+000
-9.6445813621932852e-001 3.7727745256850347e-002 -2.6152843194989989e-001
211
2.7152400574807412e-001
-3.3242406702337002e-001 -8.5136320101725604e-001 -4.0580160129956733e-001
6.8609833264818898e-001
-9.2416059359636260e-001 2.0818100322610916e-001 3.2029340789249661e-001
212
1.6165133218996453e-001
3.6105321758100206e-001 -8.5945648718125800e-001 -3.6190485036326542e-001
1.5668277544938287e+000
-9.1267229109140724e-001 -4.0535531998435903e-001 5.2118649582843762e-002
213
1.0339956116918975e-001
-1.6653735539150111e-001 -9.2702404204294975e-001 -3.3599365281736548e-001
7.6493817626512395e-001
-9.6014712692261339e-001 7.4891042253977774e-002 2.6927463016846614e-001
214
3.2803885533174193e-001
7.8744690995309130e-001 -5.4347963445824987e-001 -2.9078729500178585e-001
1.1366632876819225e+000
5.9864527409807278e-001 7.8669134879702629e-001 1.5079972655134083e-001
215
-7.3769492367958267e-001
-6.1606144719182084e-002 -9.5629080800961164e-001 2.8585411217815848e-001
2.5443225930390145e-001
-9.8700151841956385e-001 1.5776982680795457e-002 -1.5993464119747511e-001
216
1.3740073304002254e-001
-4.7338670609603400e-001 -8.5335970634342551e-001 2.1836262977215098e-001
1.2700750826127911e+000
-8.6141823807522777e-001 3.9670206325927448e-001 -3.1715310516721151e-001
217
3.9189453426268289e-001
1.9950282096151487e-001 9.6920524770293470e-001 1.4436000919053193e-001
6.2598615398669311e-001
-9.6127786273161098e-001 2.2215905662152813e-001 -1.6306509185959536e-001
218
2.2653676972219278e-001
9.2545007389394873e-001 3.6900437001282005e-001 8.5894910449496847e-002
4.1182449456778775e-001
-3.7881198037888347e-001 8.9726243653145255e-001 2.2676332047107989e-001
219
1.0248760436005447e-001
-2.1495987616534820e-001 -9.3597436756116825e-001 -2.7882653192881224e-001
4.3348321208590068e-001
-9.7240061567239811e-001 1.7860298808053113e-001 1.5012666414946563e-001
220
1.7925608907315130e-001
3.3973659330689593e-001 -8.2842975396944962e-001 -4.4529000651973133e-001
2.4228733959964752e-001
-9.2082728468956654e-001 -3.8935947554969363e-001 2.1824540565797274e-002
221
2.1518616949310987e-001
5.8131521466467578e-002 -8.9018616746158274e-001 -4.5187311656266188e-001
3.9303941536255727e-001
-9.7920813061386502e-001 -1.3896335641256424e-001 1.4778573176817547e-001
222
2.8752035310955826e-001
9.4007589945321035e-001 1.9036682409042144e-001 2.8287413376440829e-001
4.1106717615454413e-001
1.2401981011317013e-001 -9.6370953116592595e-001 2.3639590994652243e-001
223
9.0984321303192464e-002
-5.6362703255925684e-001 -8.0217811138633521e-001 -1.9706558751111009e-001
2.1758134264746876e-001
-8.0726303455939918e-001 4.8435329562034107e-001 3.3723623479048781e-001
