#vertex_ID
#Mincurvature
#MincurvatureDirection
#Maxcurvature
#MaxcurvatureDirection
0
1.6431959992827938e+001
-5.8032245100978519e-001 2.0024457870267015e-001 7.8938454605736086e-001
2.3137469074318279e+001
-7.2485964461848928e-001 -5.6883901786944513e-001 -3.8858804324487706e-001
1
1.8742125594268373e+001
5.3427095499799404e-001 7.6280778463577770e-001 3.6425105400614616e-001
2.1853378392470276e+001
-5.6430300041308612e-001 1.0186126775323934e-003 8.2556713001003246e-001
2
2.3632900904583760e+001
7.8728050699390761e-001 5.7765929428270257e-001 2.1563659948215153e-001
2.4908354981335339e+001
3.0525813949933656e-001 -6.1291090993643965e-002 -9.5029514911642710e-001
3
2.3595779017413470e+001
8.5399112607533245e-001 1.1990043699660351e-001 5.0628355868288766e-001
2.5014363335652170e+001
4.7178063709758195e-001 2.3182486421905596e-001 -8.5069398892293568e-001
4
1.8074506242478094e+001
-3.1495196746908616e-001 1.3024298980197779e-001 9.4012872618317189e-001
2.4724674098113617e+001
-9.4494361408169447e-001 4.9654352338394027e-002 -3.2344398510419092e-001
5
2.1245798352600065e+001
-9.4919077568686824e-002 1.5993923871789573e-001 9.8255270018042784e-001
2.2275248217241082e+001
-9.6027501730674558e-001 -2.7489263179190609e-001 -4.8020122064078893e-002
6
1.3574043739879192e+001
-3.9079807395818239e-001 7.5954947048175658e-001 5.1996294798904485e-001
1.8954165446773011e+001
7.3014685131239793e-002 -5.3752505087088331e-001 8.4008075530953585e-001
7
1.5743105925787255e+001
6.0126962278568230e-001 -5.7197255315852313e-001 -5.5796257862735221e-001
2.4088060638898170e+001
1.6652129437687790e-001 -5.9325849512318840e-001 7.8760079766542868e-001
8
1.2825266837426602e+001
-3.9103940525742564e-001 9.1815068780770159e-001 6.3933543732252407e-002
2.1053454455078956e+001
-4.6718277704355154e-001 -2.5786282428120005e-001 8.4572277768048709e-001
9
1.7642138830822184e+001
-4.7447449606153536e-001 8.6393452417564232e-001 -1.6879304050984553e-001
2.3896438861922185e+001
-6.7293176808222066e-001 -2.3237018139955906e-001 7.0225845263839470e-001
10
1.3034929419251288e+001
-3.3920197130739815e-001 4.0053996217452725e-001 8.5118139157432438e-001
2.6843003944652839e+001
-8.7547548183655477e-001 1.9667363188557513e-001 -4.4143194631108146e-001
11
1.4496505751008943e+001
-4.4299742613286391e-001 5.1159808739238177e-001 7.3622053585601277e-001
2.6751168014672988e+001
-8.9599505222957554e-001 -2.2447128180959608e-001 -3.8315207166721316e-001
12
1.4057990546286680e+001
-5.2680214689199067e-001 3.0315245443066408e-001 7.9408947065343538e-001
2.4157078697500801e+001
-8.4601500635193305e-001 -2.7723050713975095e-001 -4.5541393801504848e-001
13
1.3752675191159984e+001
3.0667540104073310e-001 -4.7997405589781394e-001 -8.2193375892556420e-001
2.3973667018928008e+001
5.9339178269100590e-001 -5.7877307864813798e-001 5.5938172625403659e-001
14
1.8660490723762937e+001
-2.9296873278733460e-001 6.2947288903403442e-001 7.1967576281276102e-001
2.8195429502581415e+001
-8.3682350124434024e-001 1.9527928613807666e-001 -5.1146107199919610e-001
15
2.3179835110098480e+001
-1.2807641068768905e-001 7.7291001742535348e-001 6.2145517777945836e-001
2.6886276447617284e+001
-9.8065729000018287e-001 -5.1785624317749468e-003 -1.9566415630011894e-001
16
1.9927307623140763e+001
-3.1287161845421163e-001 8.4224037075725477e-001 4.3902449616453543e-001
2.5792844570616779e+001
5.8982140348206957e-001 -1.9001081116613264e-001 7.8486088170734425e-001
17
1.8772395871043866e+001
8.0724089913376906e-001 5.6401326015996889e-001 -1.7392864378654638e-001
2.2191636112918051e+001
-1.9873998381046382e-001 -1.7730466722531590e-002 -9.7989185596412509e-001
18
1.3797298729620938e+001
-6.3147115641582019e-001 -6.6163798383085182e-001 4.0432580546770996e-001
2.8170979658429065e+001
-7.6948795634242961e-001 4.7045310027497311e-001 -4.3192842634586753e-001
19
2.3715279699493660e+001
8.9981755996048374e-001 1.3370387699096073e-001 -4.1527296091167254e-001
2.7909796278091708e+001
-3.6553265407773777e-001 7.5066651525003281e-001 -5.5035048985647084e-001
20
2.3872478163635712e+001
9.0668404619696374e-001 2.9510355258142890e-001 -3.0139332047296957e-001
3.3618457555683669e+001
-4.1101262743697342e-001 4.5745282331743842e-001 -7.8854646947802676e-001
21
1.1494731219843125e+001
-5.5546911887161698e-001 3.9017408650989782e-001 7.3431481000736776e-001
2.1317999700921511e+001
-7.7436589031164382e-001 -5.6450388380947114e-001 -2.8581958135487961e-001
22
2.4865146070115664e+001
8.5587590591058260e-001 -2.4311617741544472e-002 -5.1660950332386291e-001
3.0497139045054531e+001
-4.8362054743302235e-001 3.1634774190840004e-001 -8.1610984082416260e-001
23
2.3791680592926660e+001
8.4064484245319659e-001 -3.4818139897375139e-001 -4.1483245083469766e-001
3.1390628858713526e+001
-1.5651020846409122e-001 5.7709722719312684e-001 -8.0153811201497538e-001
24
1.5309187152394433e+001
7.4811096866420534e-001 6.0449678404934937e-001 -2.7370351959428418e-001
2.8062061388878288e+001
-4.8320394774247466e-001 2.1356488388782260e-001 -8.4906064875017551e-001
25
-2.1799305761845570e+001
7.7348061285935910e-002 9.6089594167779357e-001 2.6588769562063869e-001
1.1408041187549397e+001
4.9053970396817748e-001 -2.6885208240206154e-001 8.2890853332493075e-001
26
-2.5311505591752976e+001
-1.0394129934650442e-001 8.6827504712751868e-001 4.8507179759893843e-001
1.1854386160417803e+001
5.7236351819769837e-001 -3.4663986357205384e-001 7.4312906551897218e-001
27
-2.5713977579502984e+001
1.3149459192995644e-001 8.8661586240783330e-001 4.4342021246216157e-001
1.5464129786066518e+001
7.1033720777738929e-001 -3.9627838230831347e-001 5.8170825588273078e-001
28
-2.1548777295252172e+001
-5.0189220031136510e-002 9.9834457576190982e-001 -2.8091818015906486e-002
9.4696554765568468e+000
1.0760446959486089e-001 3.3368799179451979e-002 9.9363363538304716e-001
29
-4.3777002600499415e+001
-2.6431149369646789e-001 9.4721947019813379e-001 1.8142411520387505e-001
7.0721799631519140e+000
2.3015200886215373e-001 -1.2073016896142949e-001 9.6563672212652496e-001
30
-1.7820447420227062e+001
5.0836735163003507e-002 9.8961877918003982e-001 1.3442580947189711e-001
1.0422288606945060e+001
2.9568516954159801e-001 -1.4347948253297826e-001 9.4444900264928311e-001
31
-7.6595531856284351e+000
-3.9337688425162082e-002 -9.0493751992350313e-001 4.2372235166918509e-001
5.9989643857178594e+000
-9.3308028944290222e-001 1.8498735902799046e-001 3.0844910512595042e-001
32
-1.3939322604897949e+001
-6.1791531976767081e-002 9.3401316248739263e-001 -3.5185397379632322e-001
1.1300558078914438e+001
-8.6623407244476758e-001 1.2493325347106403e-001 4.8376669367876923e-001
33
-1.0728900104241131e+001
1.5583626383196153e-001 9.4196378335081077e-001 -2.9735381236890474e-001
8.7355325252100080e+000
-9.2996118022621155e-001 2.4139118436381846e-001 2.7731299894470229e-001
34
-1.8320781393631982e+001
3.5734856057855519e-001 9.0825715583233380e-001 2.1764867362746432e-001
2.2447003210935826e+001
8.3296145577686553e-001 -4.1533632704244444e-001 3.6561037817460340e-001
35
-2.8033700419190197e+001
2.3036490290818437e-001 7.5977639738803837e-001 6.0800644526201864e-001
1.8350320064676296e+001
-9.1380030378615096e-001 3.8368814219619862e-001 -1.3323818648708594e-001
36
-1.1835402523350727e+001
2.5857998990997488e-001 9.6411056913789972e-001 6.0226234273383236e-002
1.2866690302415407e+001
3.8683094050634098e-001 -1.6047638112565069e-001 9.0807992741156585e-001
37
-1.5186852313496036e+001
3.1805327028476349e-001 9.3787025412107583e-001 1.3871374732172465e-001
1.6700312962192307e+001
6.0368079975675337e-001 -3.1315636206910036e-001 7.3314567781628004e-001
38
2.8726374846773428e-001
4.5835509208995789e-001 8.8705463860692535e-001 -5.5178598035317633e-002
1.0089786766739053e+001
4.7111887495676474e-001 -2.9514044668657552e-001 -8.3122747932748264e-001
39
2.9168577720386946e+000
4.7548903383828833e-001 8.7958094398657094e-001 -1.5733457192358913e-002
1.1546938272261039e+001
4.2968644673736489e-001 -2.4781422510792475e-001 -8.6830735763574907e-001
40
3.3162527616669060e+000
4.0267410802256182e-001 9.1344913124069649e-001 5.8857857282190451e-002
9.7396778698692632e+000
6.2088835932457098e-001 -2.2532640229708467e-001 -7.5081666049914908e-001
41
-1.7172800067528627e+001
-8.4751888522916763e-002 8.0118610950579372e-001 -5.9238326725758339e-001
1.7763573398186011e+001
-6.0171125864266051e-001 4.3272420356017904e-001 6.7133696820290933e-001
42
-1.3184743565153816e+001
-1.8813436795449742e-001 9.4007874323153284e-001 -2.8435438473598929e-001
1.7712041117818266e+001
-3.8245946769921979e-001 1.9654598806357976e-001 9.0282580276780988e-001
43
-1.5848029793201537e+001
-3.1204702871924506e-003 9.3895718288775654e-001 -3.4401987060150296e-001
1.9329883197438772e+001
-6.8589546371655441e-001 2.4833373984286727e-001 6.8401591100551751e-001
44
-3.3181221830500235e+001
3.3949285116592648e-001 7.2422464553118304e-001 6.0020268810832744e-001
1.5931024683874849e+001
-9.3675108831435261e-001 2.0259057151033194e-001 2.8540227552875819e-001
45
-1.6059501825573179e+001
3.8266780432611414e-001 8.9832500355842448e-001 2.1581830208299624e-001
2.1056317240466790e+001
-9.1825600248358530e-001 3.4406378653772141e-001 1.9602557153644717e-001
46
-7.7771160450926482e+000
4.1063479078371562e-001 9.1175130859840103e-001 9.4138125707499826e-003
2.3411062606607857e+001
-1.2643353518349026e-001 6.7161787830251951e-002 -9.8969887108981247e-001
47
-1.8238070371463678e+001
5.8302491639666576e-001 8.0763496316693040e-001 8.8361264878971280e-002
1.7971470268001205e+001
1.6775352512103955e-001 -1.3252598329396618e-002 -9.8573988630215448e-001
48
-1.5718014460514052e+001
6.2919866696167270e-001 7.7699726064406927e-001 1.9603429426162805e-002
1.8385825176476448e+001
-1.6452662913104649e-001 1.5779616459342466e-001 -9.7366901909549330e-001
49
-1.7728444213800202e+001
-5.4130432870672274e-001 -7.4566806027740040e-001 3.8854699536285608e-001
1.6838278622429648e+001
-8.2101246816902573e-001 3.6900375418523790e-001 -4.3563144572930590e-001
50
-1.2887372126531289e+001
-4.1685894454780470e-001 -8.4652453479320255e-001 3.3109640943936919e-001
1.3440727851964308e+001
-9.0807034392408659e-001 3.7162290560685540e-001 -1.9314415992700718e-001
51
-1.2904215480993539e+001
-4.4642533223756292e-001 -8.6424284930320616e-001 2.3192395340899413e-001
2.0473480342481611e+001
-8.3038852888257497e-001 3.0355229909217946e-001 -4.6723751220988785e-001
52
-1.2279067506883669e+001
5.0442043850454588e-001 8.5522993246563872e-001 -1.1891923239619689e-001
2.1266639029930097e+001
-5.8635418307467302e-001 2.3817689800202857e-001 -7.7424836922589912e-001
53
-6.4696299658420138e+000
4.1419871468731073e-001 9.1008556890973147e-001 -1.3552933764677061e-002
2.4199703829060887e+001
-4.9721921418951420e-001 2.1377243373186172e-001 -8.4087716083689557e-001
54
-1.1732853377890089e+001
-5.9131342247756458e-001 -7.5903845298841188e-001 2.7241340510853773e-001
1.5617010242784618e+001
-6.5718625075256787e-001 2.5777103766000242e-001 -7.0827983450432153e-001
55
-1.0991426432001898e+001
2.0532813820322302e-001 9.7803545523019042e-001 -3.5874837625726935e-002
1.2644468760400223e+001
1.8932171470964673e-001 -3.7291940754929226e-003 9.8190803105532576e-001
56
-4.3446517168498549e+000
3.1808101458667248e-001 9.4311960677164353e-001 -9.6694754161813085e-002
1.3801573583624995e+001
2.8409998530903358e-001 2.4846169833944169e-003 9.5879143979587789e-001
57
2.5270085643849010e+000
3.1941860470499739e-001 9.4145908730786532e-001 -1.0782644338822289e-001
1.4365508990271540e+001
3.6855161016926846e-001 -1.8594592366899827e-002 9.2942129939890472e-001
58
-4.9169747200774641e+000
3.5308473090641451e-001 9.3393655848226453e-001 -5.5620837201975387e-002
1.5554285730393273e+001
4.9933990341481027e-001 -1.3783894161062540e-001 8.5537131529725174e-001
59
4.2207882508762085e+000
3.4920204615730549e-001 9.3452184202426603e-001 -6.8752147160100724e-002
1.8615324855100454e+001
5.8946261851558290e-001 -1.6204303714517418e-001 7.9137593815172325e-001
60
4.0532183273285751e+000
3.4011444311094302e-001 9.0110530426427771e-001 2.6894496874661367e-001
1.5922823787236030e+001
8.1801621301104732e-001 -1.4242582394639375e-001 -5.5728301600197350e-001
61
4.2406833084031561e+000
2.6707375371744657e-001 9.2622778889193380e-001 2.6603325574001402e-001
1.3763873188366240e+001
8.0596394109414471e-001 -6.3347091100801639e-002 -5.8856543536386896e-001
62
3.8173921121194394e+000
3.7945447695397400e-001 9.0266915647174384e-001 2.0298446707611978e-001
1.1465878924580975e+001
6.6610112740443106e-001 -1.1426554194890076e-001 -7.3705676443111889e-001
63
7.1484533840721998e+000
2.0356146044794626e-001 9.3417685443095022e-001 2.9304664554605314e-001
2.2646041350799791e+001
9.0433988208363036e-001 -2.9409215720958848e-001 3.0932051458119658e-001
64
1.2990959032936630e+001
-1.1714529539295458e-001 9.7958757911815375e-001 1.6335591389580126e-001
2.5392263351714796e+001
6.6382180706880700e-001 -4.5107115515340260e-002 7.4652927376613265e-001
65
8.8433131664658511e+000
1.3178687982110679e-001 9.7429627709071642e-001 1.8269915915019094e-001
2.2631579238698539e+001
6.8888535861763567e-001 -2.2254368456239565e-001 6.8986322640335374e-001
66
-6.2405375573283681e+000
4.0645711945553986e-001 9.1362388232130587e-001 -9.1657894394950035e-003
2.1072449439773884e+001
7.1904759759630310e-001 -3.1367162801639686e-001 6.2014567818257693e-001
67
5.4160463417860623e+000
3.8929003471416090e-001 9.2108180477454005e-001 -7.8471514272989151e-003
2.3167947998422562e+001
8.0547667681116319e-001 -3.3627280577753427e-001 4.8798352759877994e-001
68
1.5678262420612459e+001
-2.6852376628910646e-001 9.2767065657245484e-001 2.5946510338067491e-001
2.0543128606500634e+001
2.5259167875789879e-001 -1.9212181609297060e-001 9.4830725590570364e-001
69
3.7061706105551302e+000
3.5476209134768089e-001 8.9920572975496182e-001 2.5607208773793821e-001
2.0663298457846597e+001
7.6799869186099334e-001 -4.3646944616869399e-001 4.6869225709520390e-001
70
4.5776741471575679e+000
3.2115615845014034e-001 9.3031074395217317e-001 1.7714582009379204e-001
2.0098707417431918e+001
5.1904178435719550e-001 -3.2936904118289367e-001 7.8874055354188544e-001
71
3.5191214225240603e+000
3.0832198012078360e-001 9.2978813420366468e-001 2.0107606040617376e-001
2.2371443586390747e+001
8.8239718043233706e-001 -3.5850417017938307e-001 3.0471294020611228e-001
72
5.2151769691252099e+000
2.8727370667666569e-001 9.3472227753002035e-001 2.0920822484152196e-001
2.4915698006646629e+001
-9.5627511403862864e-001 2.6736338218669281e-001 1.1855263867202773e-001
73
3.3437578223652746e+000
3.3119524144987794e-001 9.0587944501478490e-001 2.6399269524110347e-001
2.3471376620933214e+001
-9.3083242097130525e-001 3.5948144859424436e-001 -6.5757829840120144e-002
74
1.0374396939766541e+001
1.2966443752191398e-001 9.9102145025562194e-001 3.2613168741616939e-002
2.2819334772316218e+001
3.8769594476332730e-001 -8.0943408836283204e-002 9.1822656190072893e-001
75
1.1295369197433017e+001
-6.1237811590793070e-002 9.9613253596268225e-001 6.3007152198192057e-002
2.3025242251591514e+001
3.3092237970862137e-001 -3.9292637225100104e-002 9.4283957663426488e-001
76
-9.8511003385862743e+000
2.1170864361046565e-001 9.6320786069926856e-001 -1.6555986019490107e-001
2.1019832515089988e+001
-6.4938700234849889e-001 2.6523458073220590e-001 7.1270410295201869e-001
77
-1.3776863718320428e+001
8.3417176203657017e-002 9.6886504888266345e-001 -2.3311390299122531e-001
2.3489752973734269e+001
-3.6400767719930760e-001 2.4738933429709703e-001 8.9794038121470166e-001
78
-6.3870295223435001e+000
2.6528388602488273e-001 9.4985040012899669e-001 -1.6555566190958762e-001
2.3558077778793940e+001
-2.9478598754560609e-001 2.4338906055701742e-001 9.2404706955215976e-001
79
2.9855103900047668e+000
2.9749111223748703e-001 9.5392802419409484e-001 -3.8991829873104428e-002
1.7196375331037128e+001
-7.2485044955348099e-001 2.5225458238334175e-001 6.4106119165702302e-001
80
-1.7054681313120845e+000
2.7378423219923526e-001 9.6156345419302813e-001 -2.0926484641425991e-002
1.6393246941095434e+001
-7.6065730163505896e-001 2.2979333856336778e-001 6.0712065606531007e-001
81
9.7575349959022617e-004
2.9519668073562810e-001 9.5502827516388933e-001 -2.7926928226256101e-002
2.1012541962278853e+001
-4.7785109843178525e-001 1.7288744227531808e-001 8.6125969372253508e-001
82
-4.5145284319767320e+000
2.9322175696846431e-001 9.4493102885467628e-001 -1.4534906930548236e-001
1.7574645124011383e+001
4.6533237712408276e-002 1.3774553076653204e-001 9.8937395687467289e-001
83
-1.6245609425594996e+000
3.0244360202774978e-001 9.4525996406295087e-001 -1.2252129583133393e-001
2.1284751236772102e+001
-2.0701074311761367e-001 1.9061347924655447e-001 9.5959004463542497e-001
84
6.8705137754154997e+000
2.3614008371496639e-001 9.6181958623606079e-001 1.3835080193400273e-001
2.4878423392869522e+001
-9.6900036583096982e-001 2.4372333053407375e-001 -4.0462688650475434e-002
85
5.6150279923268016e+000
3.4089583604168450e-001 9.4004761744662657e-001 1.0025263206607057e-002
2.4393411507711839e+001
9.3212025621196404e-001 -3.3936923597944446e-001 1.2641340763570313e-001
86
5.1969216882429254e+000
3.1093145443322584e-001 9.4947718094705169e-001 4.2599454279117543e-002
2.4080533727137755e+001
9.2820478710221155e-001 -2.9371788722277403e-001 -2.2839806462824522e-001
87
3.6971963784643691e-001
3.1313641724749763e-001 9.3967634729793625e-001 -1.3767333264728207e-001
1.6390788204838554e+001
1.3165396931701950e-001 1.0061395250168680e-001 9.8617648771660626e-001
88
5.8517270843952360e+000
2.4524511674730054e-001 9.5861566224014960e-001 1.4460582567615418e-001
2.2072605705210901e+001
9.1799321590652694e-001 -1.8167260738178020e-001 -3.5253867770316788e-001
89
9.2657444670710642e-001
4.0109030097703358e-001 9.1588710918700245e-001 -1.6654539538168367e-002
1.6021524530723610e+001
7.8435383518713786e-001 -3.5276675682546249e-001 -5.1023982254041378e-001
90
4.4907633343963100e+000
3.2690663714503382e-001 9.3937494449382242e-001 1.0347349538772532e-001
1.3436137124536707e+001
7.6947061770545611e-001 -2.0100223533378747e-001 -6.0622856240761591e-001
91
1.8204111159726146e+001
-1.3061335533100885e-001 7.4896844527198214e-001 6.4960481786702062e-001
2.1265560369391586e+001
-9.7037625336973787e-001 -2.3089781758851702e-001 7.1106432402209138e-002
92
1.2796812551611865e+001
2.6906309089207475e-001 8.8414310939583229e-001 3.8196336896026128e-001
2.5149503307161936e+001
-9.6076995590412795e-001 2.7409837746118432e-001 4.2322231807010675e-002
93
3.9974022233678559e+000
5.3169580158485430e-001 8.4683644629968324e-001 1.2946342941642569e-002
1.4053577353963185e+001
3.9469170265562842e-001 -2.3422900313277978e-001 -8.8845665845117383e-001
94
3.9381792546637362e+000
5.2670116312543636e-001 8.4368484772634234e-001 -1.0383526606741578e-001
1.6394014450722484e+001
1.5081920516250089e-001 -2.1296340712742096e-001 -9.6534975764167053e-001
95
4.1332702402667945e+000
4.7437714046139046e-001 8.8032113689479219e-001 1.0121975767874922e-003
2.2055580136982684e+001
-5.6539445608362202e-002 3.1614704018632402e-002 -9.9789969514982457e-001
96
5.8841415273423330e+000
5.5361914257646638e-001 8.1829092084943456e-001 -1.5461505045849513e-001
2.2460590519936385e+001
-1.9984591463432394e-001 -4.9692080079560892e-002 -9.7856645537303033e-001
97
5.9979032891746016e+000
2.5568617173833513e-001 9.4163392773913557e-001 2.1897517601856781e-001
2.0205620659419779e+001
8.8958791690365135e-001 -1.4048293381947705e-001 -4.3462384127483733e-001
98
3.0692249028963534e+000
2.9727529954435067e-001 9.1476346503412342e-001 2.7356022978419231e-001
2.1657531380131338e+001
-9.1827626194264911e-001 1.9544132179215162e-001 3.4434197607722988e-001
99
2.6139292749556642e+000
4.3477473165424474e-001 8.9872009995118829e-001 5.7211141036563551e-002
2.6356241866033564e+001
-3.9817559413127068e-001 2.4883084095434013e-001 -8.8291528972385858e-001
100
-6.0767872637176268e-001
3.9216371459380595e-001 9.1980538035938930e-001 1.2871799326704625e-002
2.3549356951243375e+001
-7.1282603466354588e-001 3.1270207197917327e-001 -6.2777102392972628e-001
101
3.7061723656520869e+000
4.1861363937215129e-001 9.0816160346304264e-001 2.2633883975339830e-003
2.5253584019516396e+001
-7.4268152479558125e-001 3.4376846557487961e-001 -5.7467155384932989e-001
102
1.8561204103802179e+001
-9.2245816782792117e-002 9.1270657265270727e-001 3.9806710680816632e-001
2.6371447519758778e+001
8.9084360377073424e-001 -1.0295167432066624e-001 4.4249138565100071e-001
103
6.0152452456578978e+000
4.0998263630418419e-001 8.7560535607799428e-001 2.5540066236523357e-001
1.2855815902594298e+001
6.7414139216854463e-001 -1.0228865314890925e-001 -7.3148507490039649e-001
104
1.2003058902376557e+001
-2.0272704255974983e-001 5.9792875020852709e-001 7.7548884962264042e-001
1.6245864109626776e+001
-8.1873230534476926e-001 -5.3794140632690879e-001 2.0073977070791668e-001
105
1.0993922462333201e+001
4.1468408870895500e-002 8.1391474390033902e-001 5.7950251140729447e-001
1.4113038305567196e+001
-8.8784141052213250e-001 -2.3601244692702134e-001 3.9501361325603718e-001
106
7.3524185591576963e+000
-5.8765211357915359e-001 -7.8443658755008983e-001 1.9830338756240196e-001
2.6816097772214974e+001
-7.7370759416344936e-001 4.7309072799743895e-001 -4.2138073261204112e-001
107
8.0201114955797479e+000
-5.9444381474438091e-001 -7.4706045788657938e-001 2.9755205153794978e-001
2.2446563346950505e+001
-8.0404926054312420e-001 5.4671998987534554e-001 -2.3367079254959863e-001
108
7.5810826435839669e+000
-6.2081856798865354e-001 -7.3310981537971265e-001 2.7773063251006547e-001
2.8890010421110617e+001
-6.7145850833964205e-001 3.1439257712303104e-001 -6.7104454325196738e-001
109
1.0539988903241415e-001
4.0908380557630808e-001 9.1154651468393755e-001 4.1634019536569838e-002
2.5291242052161159e+001
-3.2335143937013733e-001 1.8747730615733041e-001 -9.2752148564507708e-001
110
7.2430851443590516e+000
5.7360404665130149e-001 8.1713610950991566e-001 5.7157468455580035e-002
1.7736022808392448e+001
3.8661243142234741e-001 -2.0855142880677505e-001 -8.9835245277805831e-001
111
1.8096617099022412e+000
4.5905369661434858e-001 8.8794226831429379e-001 -2.8779016063244262e-002
1.5105379369485924e+001
2.6145864394740148e-001 -1.6598788130047826e-001 -9.5083510703305674e-001
112
2.9541979981026492e+000
2.8822171999574764e-001 9.5613472087702089e-001 -5.2293743948148327e-002
1.5160533050002478e+001
-9.5515840841783128e-001 2.9093704083356980e-001 5.5027748452221290e-002
113
2.9311105942503470e+000
3.1903563727946627e-001 9.4458753334724166e-001 -7.7270007057453002e-002
1.1143515160215026e+001
-9.0579841121684279e-001 3.2788748685120556e-001 2.6836362310015860e-001
114
4.0327754371852835e+000
3.4613049584509709e-001 9.3202938488430387e-001 -1.0730752796618345e-001
1.3592188713251776e+001
-9.2955712198632645e-001 3.5617358566405966e-001 9.5204694420520056e-002
115
9.1650589022216877e-001
4.4376043038445845e-001 8.9614299946433085e-001 2.0987939567576608e-003
1.5557800355550544e+001
3.0954003341461223e-001 -1.5108219944069293e-001 -9.3880729477664560e-001
116
-1.2935092362058372e+001
5.2920806539460297e-001 8.3697136865752475e-001 1.3934759261950613e-001
1.0566105503762627e+001
5.3215820927908275e-001 -1.9948853292951663e-001 -8.2280736842016022e-001
117
-1.3378538652731763e+001
4.2986629632942530e-001 8.9310413415139134e-001 1.3258948993685832e-001
1.3928972212576205e+001
4.0805289143380502e-001 -6.1170392090137145e-002 -9.1090670264525453e-001
118
-3.4390859348361307e+000
3.9848854842249004e-001 9.1467885416506955e-001 6.7597858837477348e-002
1.0841582403088012e+001
4.9843183822070519e-001 -1.5409787093185950e-001 -8.5312340773313466e-001
119
-1.1823308189764075e+001
1.6063289702103262e-001 9.6653160728493215e-001 -2.0003430834193331e-001
1.3540238663105713e+001
-8.5054808437467011e-001 2.3837417083853457e-001 4.6877042445489236e-001
120
5.4083302536369917e+000
1.1347278373365177e-001 9.9353841627746087e-001 -2.3114351841847999e-003
1.9175086280530444e+001
-7.0444616506879865e-001 8.2095481105547985e-002 7.0499356912096123e-001
121
6.7456775898288743e+000
9.5966364396955859e-004 9.9987010598692339e-001 1.6088822187744926e-002
1.9656198424966576e+001
-5.6548476784066515e-001 -1.2726794752911113e-002 8.2466053988020216e-001
122
5.2063566955011771e+000
3.1784424997310046e-002 9.9948938444277702e-001 3.2742501109062020e-003
1.7046425192012478e+001
-8.1799009567212422e-001 2.4129869325349905e-002 5.7472598061045632e-001
123
1.3993551318053131e+001
-2.6485098153774544e-001 -8.5215304768539235e-001 4.5131933361976695e-001
2.0310193693060700e+001
-9.3215364565227654e-001 3.4607277418007526e-001 1.0641060035765516e-001
124
1.2148726028383873e+001
-1.5711663944469281e-001 9.6713990521093207e-001 -1.9988688140594837e-001
2.0235886364153249e+001
-8.3872989536930131e-001 -2.3817288169158613e-002 5.4402656129831373e-001
125
8.9016682343835463e+000
6.1161441055625466e-002 9.9159281788464171e-001 -1.1403052945415459e-001
1.7302292591741491e+001
-8.8548616682655878e-001 1.0662623809865480e-001 4.5226661794536260e-001
126
4.5739435490355493e+000
3.2916405763678191e-001 9.3411043232623681e-001 -1.3816194620582165e-001
1.2462467277943825e+001
-8.9232357718650479e-001 3.5556937642614805e-001 2.7808101723238887e-001
127
6.9414508727138209e+000
-4.6803497149703471e-001 -8.7383753082877391e-001 1.3172408728414706e-001
2.1666242349379758e+001
-8.7883724182970580e-001 4.4462290495896845e-001 -1.7307678861997419e-001
128
5.9839355384809005e+000
-5.7940960161387034e-001 -7.8875020146049601e-001 2.0532324090000822e-001
1.6384970488713179e+001
-8.0858003001955459e-001 5.8792712999155461e-001 -2.3238435262937521e-002
129
9.6029692840232546e+000
-1.4005166457595936e-001 9.9014260357715678e-001 -1.7764658602516387e-003
1.9958436330417342e+001
-6.7667486233913221e-001 -9.4402822768143574e-002 7.3020492858629982e-001
130
7.5625556901315196e+000
4.9255631897805707e-001 8.6621982299959144e-001 -8.3973155694798463e-002
2.7687912739076175e+001
-7.5347256973398646e-001 3.7617053878764262e-001 -5.3923539609958604e-001
131
4.4733825809990631e+000
3.4286618304098404e-001 9.3739820868550994e-001 -6.1052263513355291e-002
2.0944019084374922e+001
-9.2443410523423453e-001 3.2514729265686787e-001 -1.9925065409601495e-001
132
-1.2621057681195545e+001
5.4636505811803471e-001 8.2080764348606305e-001 1.6661343181908414e-001
1.0045221910285210e+001
6.6826579374013795e-001 -3.0730616063748711e-001 -6.7748339651323608e-001
133
-7.2843113203256102e+000
4.3483812581582404e-001 8.9998797992259250e-001 3.0617647392189973e-002
1.3356733994094505e+001
7.5991594844246746e-001 -3.4849387460794629e-001 -5.4870736341289050e-001
134
-1.6278675783869996e+001
4.5188597255134105e-001 8.3691674269950489e-001 3.0881941907946647e-001
1.1662231586103184e+001
-8.2566633275457513e-001 2.6131743407813557e-001 4.9998830546566814e-001
135
7.6574375882153305e+000
6.2045429759451054e-001 7.3413427378519269e-001 -2.7583207328080994e-001
2.3784450323842783e+001
-3.6459874825557920e-001 -4.1374673525557133e-002 -9.3024506940973251e-001
136
1.0572326833780323e+001
-1.7143566908750651e-001 9.8214642489584392e-001 7.7448120886380006e-002
1.8410778314093136e+001
-3.6898931368313931e-001 -1.3689983694682317e-001 9.1929610084650037e-001
137
1.6376693585779396e+001
-4.3678953781140789e-001 2.5008067777624493e-001 8.6410332383429178e-001
2.7400798352725740e+001
-7.3982388395535337e-001 4.4658271030721003e-001 -5.0321417267787949e-001
138
-5.2838445493064427e+001
-3.6344569827234219e-001 9.3018843619034430e-001 -5.1543162350508528e-002
1.4214800151351728e+001
-4.4215116575846806e-002 3.8041341237386971e-002 9.9829749064246609e-001
139
-1.8733623778166958e+001
-7.4626414835094523e-002 9.8309300852078785e-001 -1.6720955357396963e-001
1.7134931594507705e+001
-8.6322220149282813e-002 1.6067923479390853e-001 9.8322462225807927e-001
140
-3.3623688843172260e+001
-9.2113545165907362e-002 6.9890723818916867e-001 7.0925578404674083e-001
1.5866892208305373e+001
7.9048522069579030e-001 -3.8181404377218564e-001 4.7890620359299918e-001
141
-8.4444202683535057e+000
2.3980979606886155e-001 9.6405234033577392e-001 -1.1443053264985117e-001
1.0794837248187116e+001
-9.1902830689919734e-001 2.6341843752775956e-001 2.9325364087838512e-001
142
-3.2293070056615738e+000
3.6623563209158000e-001 9.3046284182958205e-001 -1.0505320599514839e-002
1.8858952015963190e+001
-9.0462719477773945e-001 3.5337634822300018e-001 -2.3827462094216975e-001
143
-9.3912053714125037e+000
-3.5150707231064238e-001 -9.2725570284275560e-001 1.2899472726118780e-001
1.6430105506205660e+001
-9.2839213513734697e-001 3.2751455588018968e-001 -1.7556269279582287e-001
144
-5.5418118738106985e+000
2.7896521495089210e-001 9.5948417261264496e-001 -3.9604688525863588e-002
1.2695101712494488e+001
-9.5320292466803613e-001 2.8167280650588672e-001 1.0983903895883144e-001
145
-9.8798334400222316e+000
-2.8681872303840739e-001 -9.3179790084048653e-001 2.2245829295371300e-001
1.1199594433212745e+001
-9.4810931421015432e-001 3.0935959509377953e-001 7.3385074990514026e-002
146
-2.0929126323640194e+001
6.0440351938417036e-001 6.9642568203097122e-001 3.8689488903799896e-001
8.0993802237768335e+000
-7.3232416746350415e-001 2.9445367770418912e-001 6.1400190996068016e-001
147
-1.4634013518559215e+001
6.7723249198168955e-001 6.7601703144066638e-001 2.9044298064580509e-001
8.3293640247526888e+000
5.7733735036646816e-001 -2.4354132482801169e-001 -7.7933895512340634e-001
148
-2.2373625737408290e+001
7.0829586706696834e-001 6.7230973604020772e-001 2.1521287954348181e-001
1.2170742374633557e+001
3.9739451702476775e-001 -1.2777927294708946e-001 -9.0870790424853487e-001
149
-1.4571704439954090e+001
7.9880696968199494e-001 5.8331629336091895e-001 1.4713778266355010e-001
1.4478228279946432e+001
1.9774462124202735e-001 -2.3605151252627160e-002 -9.7996931666465326e-001
150
-1.7050278905176651e+001
7.7231617509547290e-001 6.2705621678972701e-001 -1.0162788333549980e-001
1.4943015050147725e+001
-2.0847274083822626e-001 9.9071180335286224e-002 -9.7299743964430419e-001
151
-2.2003530191679729e+001
7.2456923962783759e-001 6.8230522783275915e-001 -9.7257354771883187e-002
1.7728430442282978e+001
-3.8295157790698997e-001 2.8124784624823479e-001 -8.7991348322393359e-001
152
-6.7515691705162793e+000
3.9307168368999401e-001 9.1772945540401307e-001 -5.7160284857297045e-002
2.2198313548069418e+001
-7.9459280610716487e-001 3.0773295421418539e-001 -5.2337625220614659e-001
153
-7.2384397590136418e+000
3.8453270977190901e-001 9.2183516252958841e-001 4.8523481321105170e-002
2.0579737320390191e+001
1.8017988772906818e-001 -2.3398148207053007e-002 -9.8335534509068545e-001
154
-4.8879678723192299e-001
3.8271889117478375e-001 9.2022150910000977e-001 8.1967216176008051e-002
1.7229746389587074e+001
3.4139468001800422e-001 -5.8425662271199996e-002 -9.3810240083030172e-001
155
3.5888150177452012e+000
2.9512774562299821e-001 9.1105606900653791e-001 2.8788270682665434e-001
2.3054244655584501e+001
-9.5144409321834644e-001 2.5264189288150024e-001 1.7585849834787864e-001
156
6.7669609085203373e+000
1.8524642846693143e-001 9.6655656790129418e-001 -1.7734757338942253e-001
1.7914367353509562e+001
-5.0790180715959331e-002 1.8964714507981534e-001 9.8053776974980178e-001
157
8.2087916450136120e+000
5.2992971002214881e-002 9.9526792351338289e-001 -8.1446334783814231e-002
1.7836880921272240e+001
-2.4047571176342344e-001 9.1879639029686253e-002 9.6629683016330403e-001
158
6.8549235813414731e+000
1.5138427603800528e-001 9.8562739807048205e-001 -7.4976217170916931e-002
2.0656815847512011e+001
-3.8686379207887095e-001 1.2887717220955747e-001 9.1308656810930267e-001
159
2.0871056298492423e+000
3.3919235439154888e-001 9.1403221623307063e-001 2.2247169350364229e-001
1.9668333388561543e+001
6.2801782201398160e-001 -3.9609353872088304e-001 6.6985335993513007e-001
160
7.6677291833502306e+000
2.7364123512638333e-001 9.5314297264509462e-001 1.2899204679273765e-001
2.2552989573910132e+001
8.6216472859696014e-001 -3.0252020370018701e-001 4.0639083050251962e-001
161
-6.2738756523338317e+000
4.1089215543222751e-001 9.1163971047671777e-001 -8.9819199609236650e-003
2.4810292260831755e+001
8.9340229973779428e-001 -4.0067007045929004e-001 2.0321374328860739e-001
162
5.4424618144198673e+000
3.4016407537965171e-001 9.2617308373403784e-001 1.6276308177129567e-001
1.6252528473274541e+001
3.9842302491930331e-001 -2.9873012606130167e-001 8.6719052404736918e-001
163
3.6147720590839247e+000
2.2018889921864271e-001 9.7382572749792140e-001 -5.6394158598444072e-002
1.3524590297419739e+001
-8.5512648276550862e-001 2.2052030605099723e-001 4.6917959577571688e-001
164
9.6780250453160548e+000
6.8958382225607129e-002 9.9384364341139153e-001 -8.6715361797078686e-002
1.8561360683601386e+001
7.1730415349986532e-002 8.1757849018935957e-002 9.9406760415854778e-001
165
1.1749055308568449e+001
-1.2033391182668292e-001 9.8834311099995387e-001 9.3261163425195789e-002
1.7684778053544804e+001
-3.4680326638685387e-002 -9.8071641724629219e-002 9.9457489815180333e-001
166
-4.2324622455412264e-001
4.4532543415529569e-001 8.9389673675827686e-001 -5.1321357223885561e-002
1.0113130394352797e+001
6.2913416839822900e-001 -3.5317918611078214e-001 -6.9242664640523066e-001
167
5.3710311855189055e+000
2.3950075615253996e-001 9.7074596776226640e-001 -1.7077876790241142e-002
2.2096774482805390e+001
-5.3177567716599938e-001 1.4587493737415733e-001 8.3422726628942578e-001
168
4.8257217429188879e+000
2.6155070223950305e-001 9.6470397137861219e-001 -3.0618258676098950e-002
2.0092015080420161e+001
-2.2863529063188087e-001 9.2744920433247266e-002 9.6908425000693621e-001
169
-3.5847120195858970e+000
2.7439166734084874e-001 9.5818271090714868e-001 -8.1210254355817899e-002
2.0999029881912129e+001
-5.7754963169776041e-001 2.3173461389546499e-001 7.8277422776206751e-001
170
-4.1198502756071491e+000
3.9105134431874666e-001 9.2020111358566625e-001 -1.7571472966168608e-002
2.1690811981079140e+001
8.9020853941393774e-001 -3.8301514452061541e-001 -2.4663364616847361e-001
171
9.5154597042304339e+000
4.0026227851525714e-001 8.6496163278027460e-001 3.0270692462488558e-001
2.1867638358245213e+001
-8.6871280891677882e-001 2.5296605556678775e-001 4.2584766097150406e-001
172
1.1572878385338685e+001
6.6113311105033290e-001 7.1036324311040422e-001 -2.4142715735926831e-001
2.2625347008170870e+001
-7.3691250705290173e-002 -2.5874916494143535e-001 -9.6312951839905725e-001
173
1.7086734739060780e+000
2.9967029488758451e-001 9.5350763761207924e-001 -3.1951516042604378e-002
1.2226152510099055e+001
-8.5830480020760036e-001 2.8406960011078258e-001 4.2733749219263650e-001
174
9.7176979793309570e-001
2.9487421253893925e-001 9.5547491759902925e-001 -1.0811134013995721e-002
1.1470294572222823e+001
-9.2774682411366283e-001 2.8898902318832786e-001 2.3615921498783077e-001
175
6.4794491952150643e+000
5.0013110683753470e-001 8.6571371552438303e-001 -2.0214814528710379e-002
2.7093893167653892e+001
-4.4483725190374379e-001 2.3681814703224072e-001 -8.6373432521519078e-001
176
1.3643007330963961e+000
4.1138251946957416e-001 9.1044017903682850e-001 4.3163677672936065e-002
2.3026685332817507e+001
5.8855593456540858e-002 2.0723388805744820e-002 -9.9805138158077022e-001
177
7.2432376459774712e+000
5.7178630310626821e-001 8.0032683298159402e-001 -1.8038121850602609e-001
2.7795478133704421e+001
-5.5156068772942568e-001 2.1224437457247944e-001 -8.0668031661481632e-001
178
4.6604473724444624e+000
6.0120182981354608e-001 7.7524688282569398e-001 -1.9377469003430045e-001
1.9308113856583301e+001
1.4003472316053089e-002 -2.5267585409781490e-001 -9.6744964495266283e-001
179
-2.9872106165630674e+000
2.4304661711265699e-001 9.7000021955835802e-001 -5.2835562673959613e-003
1.1600649469559755e+001
-9.0574809456902661e-001 2.2889027387925537e-001 3.5669262917539690e-001
180
-5.8681781618647619e+000
2.3844369456123757e-001 9.6865186137286796e-001 -6.9700616804056648e-002
1.4985368682710043e+001
-8.1857623148501191e-001 2.3908211126325524e-001 5.2227645679438850e-001
181
-5.5295577028375282e+000
4.5176552739886106e-001 8.9210683380093425e-001 7.3010505888604638e-003
9.8508521863062377e+000
6.0052028144141745e-001 -2.9803273742802544e-001 -7.4199183216439668e-001
182
9.2900023571730355e+000
3.8989033336243445e-001 8.7754670607367802e-001 -2.7910088966136826e-001
1.5627795161469264e+001
-8.8680721343128655e-001 4.3947222393895330e-001 1.4295849255076423e-001
183
1.5525276601234044e+000
3.4293622889939901e-001 9.3926812754591982e-001 -1.3043292707026935e-002
2.0343142303698407e+001
-9.0491252619610030e-001 3.2660325976241961e-001 -2.7288024964433366e-001
184
1.6243503754275874e+000
4.3564500568128384e-001 8.9775758364798430e-001 6.5151746158384705e-002
2.2644799274267619e+001
1.8296622990116432e-002 6.3534252109469599e-002 -9.9781192235613614e-001
185
-2.2779530862782053e+001
4.6234875528841046e-001 6.6161147784926289e-001 5.9034217269425338e-001
4.6325710591669154e+000
-8.6441337793161188e-001 1.8798753355684247e-001 4.6631555762174071e-001
186
-1.1659156846601224e+001
1.6894714427248755e-001 9.7640084896036528e-001 -1.3452971638879563e-001
1.7225817061350334e+001
-3.8712160392009420e-002 1.4296004334610748e-001 9.8897107877038659e-001
187
-1.7045049536791261e+001
-2.7566995629858215e-001 8.6945396200500968e-001 -4.0994619543072902e-001
1.6667482578522382e+001
-7.9301660491748016e-001 3.5319073400501978e-002 6.0817532618422088e-001
188
3.1135957404051853e+000
3.0629513870664060e-001 9.5169032249011420e-001 2.1652207354976138e-002
1.5421303597827173e+001
1.9812892249722006e-001 -8.5980793034356059e-002 9.7639757952346140e-001
189
1.9838347400428384e+000
3.0932452059776544e-001 9.4171730315843671e-001 1.3223789883752557e-001
1.7103214931843052e+001
3.4539082861947856e-001 -2.4081772563526918e-001 9.0703472840096155e-001
190
6.1160966132393559e+000
2.0857009618220584e-001 9.7439774983150707e-001 -8.3949628360352108e-002
1.9068558114827578e+001
2.4363638278064281e-001 3.1365110509956710e-002 9.6935934659354384e-001
191
1.4340259608991044e+000
2.9663435792644499e-001 9.5411054104529569e-001 -4.1001623916852387e-002
1.8970503955942718e+001
-9.7094044504451638e-002 7.2842595403861121e-002 9.9260601590792141e-001
192
-1.0268090652838570e+001
-3.3774444035796519e-001 -8.4582084535045321e-001 4.1293557678883691e-001
8.5542291157577175e+000
-9.1966536099363150e-001 3.8993877955378475e-001 4.6512062828453576e-002
193
3.0329136021515968e-001
3.1578322739012937e-001 9.4883111847210533e-001 -6.7964553077968690e-004
1.6240110437323032e+001
-9.4879881367921937e-001 3.1577824691293616e-001 8.0566703729822598e-003
194
8.5352158705305516e+000
3.2958142990478340e-001 9.3753551516578271e-001 1.1136982923911155e-001
2.1436776918648881e+001
6.5254794912200587e-001 -3.1145460392908397e-001 6.9078014142565058e-001
195
-7.9342580684510935e+001
6.3309389060087140e-001 5.2946894271826128e-001 5.6467226280441507e-001
7.1533216476151580e+000
-7.4288428486624658e-001 2.1059988430971530e-001 6.3542948312735714e-001
196
-4.6672319228657756e+001
2.1035866888912119e-001 3.9067167802108910e-001 8.9617234414781144e-001
2.0434954600920378e+001
-9.5687633468189104e-001 2.7013170182748836e-001 1.0684822784461319e-001
197
-1.0264331005405280e+002
3.4941270110582789e-001 3.4949681072295002e-001 8.6934615867352627e-001
1.2906065575917253e+001
-9.3695203688031536e-001 1.2476084896762733e-001 3.2642856975256429e-001
198
-2.3632179989620241e+001
-4.9489392848812375e-001 -7.2034584738778118e-001 4.8598545214519695e-001
1.0480601826655358e+001
-8.6700136721367838e-001 4.4680248243979248e-001 -2.2062676840141440e-001
199
-2.6128479139986851e+001
8.7320934603343037e-001 4.2220955750272360e-001 2.4340198757040421e-001
7.9376248776735920e+000
3.9374979487268408e-001 -3.1691445049974915e-001 -8.6285939184907823e-001
200
3.6374258384471601e+000
2.6143759220296897e-001 9.6449179049789380e-001 -3.7496285753138014e-002
1.7332781310460035e+001
8.4015218935898583e-002 1.5960930724271450e-002 9.9633663571985953e-001
201
-3.4925842249745251e+001
-2.0815022099973504e-001 9.3924212031983745e-001 2.7294271361378558e-001
1.0202164364969335e+001
3.6511946203743567e-001 -1.8426775167049211e-001 9.1254214923793786e-001
202
-6.5723828879861884e+001
8.5472392640339323e-001 4.5515925640658306e-001 -2.4955372355661887e-001
1.3768527574131966e+001
-4.0480911075979020e-001 2.8353903161449578e-001 -8.6933031777166381e-001
203
-4.7386771645097731e+001
-3.4730414893183448e-001 9.3757036143435124e-001 -1.8483654795352182e-002
6.2556156949527519e+000
9.6762176889293713e-002 5.5435060479171974e-002 9.9376256479770619e-001
204
-2.7059124407642411e+001
-1.4108475229741080e-001 9.2398732907900238e-001 3.5544691357589486e-001
8.4347258424739060e+000
4.4277597521452927e-001 -2.6223429250224822e-001 8.5742790461278307e-001
205
-3.4063593647389013e+001
-3.1825512167040937e-002 7.8382672945958587e-001 6.2016352275830844e-001
1.3596910843145611e+001
6.0827334945557243e-001 -4.7715456205668955e-001 6.3429256360971764e-001
206
-4.3102231580294443e+001
9.0570884875164903e-002 5.3473584576014188e-001 8.4015146852940470e-001
1.1057751411226526e+001
-8.4044912185595511e-001 4.9361937264982791e-001 -2.2357367581256932e-001
207
-5.1714764338770699e+001
1.4082918682693280e-001 4.4123200785181760e-001 8.8627391667853939e-001
1.5991861235780540e+001
-9.0078728784297890e-001 4.2854624613633202e-001 -7.0216643204789181e-002
208
-8.6729723201352101e+001
4.7687994447945459e-001 3.2348700129327357e-001 8.1727699010039323e-001
1.2831806574790853e+001
-8.6905809736240203e-001 3.1276007075459900e-001 3.8330035422683895e-001
209
-2.3886104873499934e+002
7.4442083245584290e-001 2.0636627038229782e-001 6.3502014665225404e-001
4.2790432213558347e+000
6.5792945004213133e-001 -3.8889340285725482e-001 -6.4489592957419384e-001
210
-3.1739756971057780e+001
8.2344263356310099e-001 4.0629704360857710e-001 3.9606179011057702e-001
1.2579242167559146e+001
4.5886525987395904e-001 -6.6272343885830726e-002 -8.8603084016115519e-001
211
-1.7169060081936767e+001
8.1289910975076352e-001 5.8135355447163695e-001 3.4972590261646903e-002
1.0497110033583311e+001
1.5864432553318358e-002 3.7923300136310858e-002 -9.9915471428929969e-001
212
-6.5490761060702496e+001
8.0203846918908184e-001 5.5657608554488358e-001 -2.1669645807065815e-001
1.9685166330062440e+001
-3.6284053681318756e-001 1.6584806880415304e-001 -9.1697391616067825e-001
213
-4.1796805628613555e+001
-1.9975757763699287e-001 -8.1624552774445158e-001 5.4207024324692676e-001
9.9085475505785023e+000
-9.6884282631196506e-001 2.4720841277552091e-001 1.5217705374042559e-002
214
-1.0209973798398565e+002
-1.6904016226250262e-001 -7.4745074569616254e-001 6.4245062557407262e-001
1.9207997065107321e+001
-9.6466611537556979e-001 2.5912903721865821e-001 4.7659499749152512e-002
215
-8.3853066226663543e+001
-3.7612097281662449e-001 -6.6103925971212751e-001 6.4927660586742098e-001
7.0561171831946368e+000
-8.5808238584728314e-001 5.1289779550141268e-001 2.5109171002342529e-002
216
-1.8091577876396585e+001
1.9362574926025439e-001 -8.7381012607892472e-001 4.4605485400939060e-001
8.5849861167886274e+000
-8.6930340530288230e-001 5.7947992251381419e-002 4.9087026771118109e-001
