1 0.000000
2 -122.811664
3 -220.630593
4 -236.157185
5 -407.654178
6 -835.353374
7 -1111.235790
8 -1474.760245
9 -1804.768578
10 -2071.084757
11 -2261.427334
12 -2788.375795
13 -3769.843881
14 -4128.611511
15 -4266.214955
16 -4785.719890
17 -5205.982673
18 -5768.432582
19 -6042.396562
20 -6096.919444
21 -7150.552744
22 -7924.335491
23 -8196.692148
24 -8399.348750
25 -9073.803106
26 -9511.447406
27 -10746.548457
28 -11081.166457
29 -11851.204619
30 -12147.717451
31 -12420.991987
32 -12538.578859
33 -12827.804390
34 -13473.032534
35 -13773.074879
36 -13907.457774
37 -14376.592544
38 -14726.691662
39 -14812.895410
40 -15009.965252
41 -15526.018130
42 -16477.230116
43 -16614.200166
44 -17159.129695
45 -17226.654322
46 -17671.091371
47 -18039.262430
48 -18207.409419
49 -18659.059800
50 -18885.252052
51 -18885.265224
52 -19272.933754
53 -19957.755208
54 -20104.594543
55 -20425.045904
56 -20871.007261
57 -21230.617893
58 -22202.185583
59 -22389.582197
60 -22709.403923
61 -22997.349238
62 -23303.074306
63 -23951.221159
64 -24158.646147
65 -24413.620859
66 -24594.475524
67 -24905.639591
68 -25057.888871
69 -25427.031849
70 -25678.872757
71 -26020.296757
72 -26337.271173
73 -26705.193797
74 -27134.776223
75 -27181.332983
76 -27520.356290
77 -27783.867388
78 -27844.523081
79 -28386.156076
80 -29411.502152
81 -29615.177333
82 -30387.199516
83 -30816.224066
84 -31121.104938
85 -32081.119960
86 -32810.585133
87 -33519.406809
88 -33854.032451
89 -34134.647241
90 -34257.031177
91 -34387.222308
92 -34666.797177
93 -35021.917758
94 -35501.904287
95 -35662.857887
96 -35662.857887
97 -35754.367844
98 -35908.352314
99 -37130.908606
100 -37279.556965
101 -37754.641153
102 -38690.188995
103 -38775.555912
104 -39517.175349
105 -39970.766503
106 -40435.864276
107 -40730.161333
108 -41208.197729
109 -41525.555000
110 -41967.266473
111 -42149.972202
112 -42302.737172
113 -42787.353181
114 -42894.592733
115 -43984.749640
116 -44054.089854
117 -44710.046987
118 -45833.914088
119 -46119.819696
120 -46371.830516
121 -46539.317228
122 -46837.111464
123 -47170.273290
124 -47416.431746
125 -47766.708568
126 -48555.488896
127 -48827.187808
128 -49030.790083
129 -49470.329885
130 -49826.949415
131 -50413.459721
132 -50909.477580
133 -51392.599086
134 -51645.092202
135 -52165.699551
136 -52687.427553
137 -52871.156433
138 -53147.832816
139 -53864.725291
140 -54003.561113
141 -54304.450374
142 -55132.212668
143 -55672.528725
144 -55871.340797
145 -56367.692792
146 -56779.061775
147 -57330.877975
148 -57637.932258
149 -58261.413228
150 -58547.853968
151 -59389.857883
152 -59930.293116
153 -60163.894274
154 -60651.525022
155 -60781.655556
156 -60970.237737
157 -61109.321009
158 -62029.877894
159 -62059.982876
160 -62732.556265
161 -62918.412925
162 -63383.158701
163 -63688.040833
164 -63911.686323
165 -64312.756126
166 -64652.126574
167 -64851.019988
168 -65253.608594
169 -66090.513614
170 -66179.174102
171 -66508.531687
172 -66680.578195
173 -66738.816484
174 -66999.305580
175 -67408.320111
176 -67630.877073
177 -67976.214666
178 -68372.110229
179 -68492.515699
180 -69335.318073
181 -69528.446232
182 -69809.247809
183 -70359.330004
184 -70987.410960
185 -71162.032986
186 -71281.379895
187 -71929.497082
188 -72817.222932
189 -73275.927431
190 -73893.516763
191 -74122.988374
192 -74518.774153
193 -74881.680337
194 -75017.157185
195 -75400.987270
196 -75893.238358
197 -76118.349789
198 -76567.757380
199 -77036.160314
200 -77254.250928
201 -78145.547085
202 -78250.840028
203 -79159.050012
204 -79218.469064
205 -79939.004323
206 -80384.451629
207 -80769.249419
208 -80937.879898
209 -81104.909664
210 -81205.315675
211 -81480.889981
212 -82037.825236
213 -82772.617204
214 -82913.511793
215 -83238.980392
216 -83919.104865
217 -84119.125597
218 -84542.375999
219 -84715.771177
220 -85221.862966
221 -85461.474050
222 -86034.783183
223 -86453.758896
224 -86941.112122
225 -86941.112122
226 -87514.609147
227 -88188.299042
228 -88313.705795
229 -88940.637031
230 -89138.451873
231 -89391.503211
232 -89671.252060
233 -89748.535656
234 -90148.853164
235 -90676.215029
236 -90973.132838
237 -91356.065375
238 -91484.547926
239 -91821.111581
240 -91960.067995
241 -92214.631749
242 -92648.542301
243 -93255.755605
244 -93542.908992
245 -94279.736247
246 -94737.112059
247 -94980.086378
248 -95100.846229
249 -95296.598473
250 -95844.187540
251 -96230.143469
252 -96394.468293
253 -96910.692264
254 -97143.175736
255 -97562.666755
256 -97980.106365
257 -98651.925258
258 -99782.371049
259 -99853.463395
260 -100636.896465
261 -100748.428058
262 -101015.142646
263 -101277.002924
264 -101624.803083
265 -101835.416033
266 -102243.779350
267 -103023.488728
268 -103684.916353
269 -104074.587374
270 -104270.900995
271 -104440.019585
272 -104886.697478
273 -105602.071873
274 -106378.311734
275 -106436.618405
276 -106695.811321
277 -107008.241063
278 -107572.691233
279 -108025.902524
280 -108317.982685
281 -108893.798526
282 -109430.290186
283 -109654.315840
284 -110444.242413
285 -110814.923310
286 -111369.600386
287 -111822.398392
288 -112224.256231
289 -112420.592026
290 -112622.907243
291 -113316.167642
292 -113676.613643
293 -113902.520658
294 -114420.419511
295 -114735.159537
296 -115643.676579
297 -115774.206809
298 -116097.744098
299 -116271.806560
300 -116749.957618
301 -117205.230168
302 -117248.153647
303 -117305.750044
304 -118123.764576
305 -118439.707756
306 -118616.471282
307 -118993.482239
308 -119749.037755
309 -119877.013179
310 -120507.426047
311 -120657.810436
312 -121340.997432
313 -122315.815815
314 -122315.815815
315 -122866.110876
316 -123227.624981
317 -123372.760620
318 -123742.880079
319 -124107.131644
320 -124439.681254
321 -124739.751852
322 -125092.520924
323 -125777.125221
324 -126161.532556
325 -126863.880127
326 -126960.187624
327 -127473.067451
328 -127963.588280
329 -128308.642915
330 -128821.477137
331 -129003.475030
332 -129627.339207
333 -130149.409190
334 -130348.269614
335 -131114.938455
336 -131386.539039
337 -131540.065793
338 -131709.162369
339 -132016.709416
340 -132435.777155
341 -132622.003643
342 -133799.046275
343 -134167.124652
344 -134501.173025
345 -134847.838823
346 -134928.007183
347 -135285.984847
348 -135777.475076
349 -136174.325258
350 -136352.828620
351 -136957.788399
352 -137652.633554
353 -137777.900271
354 -138204.507213
355 -138229.120178
356 -138763.632511
357 -139183.041437
358 -139710.436895
359 -140503.053691
360 -140539.354632
361 -141402.512914
362 -141568.328296
363 -142113.404423
364 -142363.168829
365 -142690.636724
366 -143242.822830
367 -143551.058087
368 -143790.164703
369 -144161.992976
370 -144286.233134
371 -145023.756641
372 -145563.862389
373 -145933.153113
374 -145978.471597
375 -146830.194508
376 -147416.233791
377 -147595.755932
378 -147682.445323
379 -148131.459282
380 -148263.528576
381 -148367.805008
382 -148994.106636
383 -149301.744159
384 -149805.839122
385 -150062.840903
386 -150244.967455
387 -151094.231019
388 -151664.547728
389 -152086.798203
390 -152305.141182
391 -152714.330393
392 -153154.765721
393 -153879.039175
394 -153982.079018
395 -154221.643610
396 -154799.436808
397 -155180.343546
398 -155612.188748
399 -156047.317014
400 -156590.373001
401 -157658.263861
402 -157792.655923
403 -158306.618991
404 -158588.717370
405 -158902.354510
406 -159273.428219
407 -159468.781233
408 -159747.607271
409 -160006.261304
410 -160464.256854
411 -160790.819623
412 -161153.981583
413 -161627.819719
414 -162003.493027
415 -162756.262399
416 -163144.587968
417 -163391.534705
418 -163733.352173
419 -164139.368779
420 -164571.502982
421 -164984.546031
422 -165393.645057
423 -165651.849502
424 -165958.251306
425 -166204.788509
426 -166578.962712
427 -167024.130458
428 -167805.442000
429 -167990.267646
430 -168424.595539
431 -168752.020804
432 -169105.213098
433 -169300.988571
434 -169821.483869
435 -170026.972129
436 -170485.565759
437 -170862.098547
438 -171302.992104
439 -171467.826702
440 -171547.731641
441 -171942.909422
442 -172571.214064
443 -172876.584961
444 -173303.697947
445 -173924.481515
446 -174116.497459
447 -174661.003556
448 -174866.574449
449 -175372.112666
450 -176101.910699
