#vertex_ID
#Mincurvature
#MincurvatureDirection
#Maxcurvature
#MaxcurvatureDirection
0
6.3373062345870046e-001
8.7658261750067246e-001 -4.6912714821370405e-001 -1.0734353033391006e-001
1.7383559065363872e+000
-4.6099840881057763e-001 -7.5451149803921402e-001 -4.6711119275900104e-001
1
5.2222524416074245e-001
9.0761428797639410e-001 -4.1442817829272782e-001 -6.6974542163979009e-002
1.9325361498505331e+000
-3.9162153592039356e-001 -7.7836796399339392e-001 -4.9068919412610945e-001
2
5.3266010826611709e-001
8.8095766192443259e-001 -4.6358314807127365e-001 -9.4890793657574302e-002
1.8206617373208107e+000
-4.5294337768855991e-001 -7.6808767365533792e-001 -4.5264072086679241e-001
3
7.5001603084415025e-001
-8.8126520178228404e-002 9.2332833863589470e-001 3.7376261920255643e-001
1.6301888322910436e+000
-9.8376227771031532e-001 -2.1779606697059861e-002 -1.7815002016933407e-001
4
8.4481858112481234e-001
-9.3790202190924626e-002 9.1926760388886153e-001 3.8229631231992905e-001
1.9155946927048890e+000
-9.7950336029648277e-001 -1.6447719502886510e-002 -2.0075517351005784e-001
5
7.2204093987336160e-001
-1.0205687673036869e-001 9.2478102789749295e-001 3.6655755939947327e-001
1.8018063612516730e+000
-9.7695239436513759e-001 -2.3730308370065803e-002 -2.1213413588785263e-001
6
6.9263492263527260e-001
-2.4717720708187374e-001 9.1325676373117004e-001 3.2382944862762919e-001
1.2965233549498656e+000
-9.4564418377704729e-001 -1.5446870356212652e-001 -2.8617564066230106e-001
7
7.8176567478598502e-001
-8.6414842258493191e-002 9.2827618188444116e-001 3.6171232379265639e-001
1.7868188943069137e+000
-9.7806920073794201e-001 -9.9849651050441662e-003 -2.0804071486056383e-001
8
5.9515271013533821e-001
-1.6343771491125902e-001 9.1287287444855325e-001 3.7410055926264280e-001
1.4074442902336677e+000
-9.7643231813357800e-001 -9.5501653046960566e-002 -1.9354421295813984e-001
9
6.0124493277976265e-001
-3.6631953421826630e-001 8.6883090897066162e-001 3.3308084674343924e-001
1.2999004277097477e+000
-9.2297094334004592e-001 -2.9386951842199299e-001 -2.4852634446354349e-001
10
8.8461136979900867e-001
-1.6112896196870008e-001 9.0907012173382418e-001 3.8422515714843464e-001
1.2648020096259365e+000
-9.7750233181378232e-001 -9.3306703688518025e-002 -1.8916408312732436e-001
11
-1.3173810527940830e+000
-3.0370752262821898e-003 9.2165408391606241e-001 3.8800067754439971e-001
1.1893727250695765e+000
-9.8217205305033517e-001 7.0179893376198010e-002 -1.7439277729480157e-001
12
-9.8281628852197112e-001
-5.4452702644019441e-002 9.1861608457895338e-001 3.9138138985853077e-001
1.4271682728672264e+000
-9.8401349131001958e-001 1.7194175029186361e-002 -1.7726197918598371e-001
13
-1.1964797099252631e+000
-2.4653428870818044e-003 9.2314045424248170e-001 3.8445496982798083e-001
1.5220127247469373e+000
-9.8518938330045724e-001 6.3673823960317302e-002 -1.5920905493826348e-001
14
5.6673663706723876e-001
-2.5172272376084426e-001 9.0176907719356791e-001 3.5135196279497632e-001
1.5643429430554487e+000
-9.5482524510672806e-001 -1.7215813791680593e-001 -2.4221958396441623e-001
15
5.5310212713849038e-001
-2.4067863275492907e-001 9.0293339668166350e-001 3.5606892154768505e-001
1.8185195707064303e+000
-9.5201988108170466e-001 -1.4816520634740080e-001 -2.6777829944416454e-001
16
5.5720442126338332e-001
-1.9059265973708209e-001 9.0923948689133749e-001 3.7007836133976058e-001
1.7104156789734941e+000
-9.6857775588158923e-001 -1.1281375243106623e-001 -2.2165330602949840e-001
17
1.3572104904862052e+000
7.5705408107088557e-001 -6.3163048683719270e-001 -1.6706898704345949e-001
1.9223831890880754e+000
-6.2922880309910700e-001 -6.3601810072000053e-001 -4.4671253497857899e-001
18
1.2155589326069314e+000
-5.7383496358433117e-001 7.8215228991453156e-001 2.4279874371508553e-001
1.8820150781275706e+000
-7.9765410810631887e-001 -4.6657118872329950e-001 -3.8217698736899430e-001
19
1.4735237638442178e+000
-4.9908148027016180e-001 8.1655816726466535e-001 2.9008694476779706e-001
2.0720319594490122e+000
-8.5279731540767678e-001 -4.0340552443332511e-001 -3.3166356702256761e-001
20
1.2958758454331665e+000
8.9869486201636184e-001 -4.2793002289229876e-001 -9.6038744748088378e-002
1.7488777286211603e+000
-4.2202404597007509e-001 -7.8420355058140245e-001 -4.5488514580998268e-001
21
7.9529337051200932e-001
-6.5234466681633752e-001 7.0504737128039929e-001 2.7812702120951904e-001
1.6493398250115938e+000
-7.4604286722452384e-001 -5.3260736439452960e-001 -3.9968667185199513e-001
22
1.8425112045546852e+000
4.1949226314855675e-001 8.0394623909114094e-001 4.2154084714261358e-001
2.4181927978168911e+000
-9.0405093860402086e-001 4.1193077520678317e-001 1.1403918995997703e-001
23
1.1920614274227634e+000
7.5247520238598664e-001 -6.2489750748613959e-001 -2.0804849177962925e-001
1.9966510892933045e+000
-6.5025971640001046e-001 -6.5471039097874661e-001 -3.8537852193893007e-001
24
6.8304622409726234e-001
-5.1219356178969799e-001 8.0185948572399002e-001 3.0769972443218258e-001
1.3440106295612735e+000
-8.5432649304485009e-001 -4.3886298363848736e-001 -2.7843405839374702e-001
25
-5.5665025136620172e-001
-8.2008757072240354e-002 9.2326365860564819e-001 3.7531157784110464e-001
8.2158220094286660e-001
-9.9381882223248252e-001 -4.7484529477197321e-002 -1.0034624077049735e-001
26
-4.3824070693155193e-001
-3.5129463620981521e-001 8.7521988698155140e-001 3.3253906237044412e-001
3.6097792126762762e+000
-9.3442196116047727e-001 -3.0546905514990336e-001 -1.8315090730551492e-001
27
-3.5668569456609234e-001
-1.0950483415006551e-001 9.2588542412939090e-001 3.6158660467791748e-001
4.6558629270088592e-001
-9.9154614370972860e-001 -7.6278031952216552e-002 -1.0496621711704562e-001
28
-7.1395499451281497e-001
8.2831419411026029e-003 9.2336913290517675e-001 3.8382396219820036e-001
1.0937402282876727e+000
-9.9580166906737289e-001 4.2609192041971639e-002 -8.1015385181856636e-002
29
-7.4865579345976385e-001
-2.7053825757263818e-002 9.2574396087646338e-001 3.7718193145039752e-001
1.6433515609176284e+000
-9.9286002293586673e-001 1.8967603493719936e-002 -1.1776758838277492e-001
30
-9.1496784174266910e-001
-4.5399659767166360e-002 9.1943132897309743e-001 3.9062117479188174e-001
1.4536338088314182e+000
-9.9268556853786649e-001 2.2657500996460522e-003 -1.2070720108236610e-001
31
-5.8769909415017230e-001
-3.2023431721706595e-002 9.1585333385282475e-001 4.0023389498071171e-001
1.5215077093248635e+000
-9.8933445071765880e-001 2.7885076862738573e-002 -1.4296771352843074e-001
32
-9.5364598892643737e-001
-3.4895745034743492e-002 9.2305464328330222e-001 3.8308277498682436e-001
1.7167641972292906e+000
-9.8890388732704504e-001 2.3492531660871736e-002 -1.4668743158710704e-001
33
-5.8820452430895864e-001
-5.2287577158969728e-002 9.1369455932230759e-001 4.0302389698336649e-001
1.4461907022362070e+000
-9.9260696493582146e-001 -3.2863441596006626e-003 -1.2132853375427238e-001
34
-7.2795911983006156e-001
-9.2609057076583276e-002 9.1689554633826198e-001 3.8823461933790226e-001
1.0699630658936248e+000
-9.9172192541354542e-001 -5.0108199573457912e-002 -1.1822347901139058e-001
35
-1.0166261779666947e+000
5.7298004506117439e-002 9.2328369856336978e-001 3.7982120879008530e-001
1.2869182425218311e+000
-9.8120652596386371e-001 1.2229436319846584e-001 -1.4925763677550105e-001
36
-6.2170619878248323e-001
1.0347359642250055e-001 9.1662573537942393e-001 3.8612235895312214e-001
1.6128580846207539e+000
-9.8154718541168706e-001 1.5686642404048018e-001 -1.0935285921798096e-001
37
2.6681047393760365e-001
-3.5642646997364824e-001 8.7149702054357148e-001 3.3682801944880175e-001
6.4478285567714866e-001
-9.3140369604365481e-001 -3.0294277397135383e-001 -2.0177420720885064e-001
38
3.8384772291259844e-001
-4.0399605995069032e-001 8.5670437346532924e-001 3.2069424695447263e-001
7.3887654474135234e-001
-9.1088145437877621e-001 -3.4449929362754006e-001 -2.2718981658281254e-001
39
4.8903039298289758e-001
-3.6913185735445819e-001 8.6926378371547763e-001 3.2881932152277732e-001
7.4905074495239332e-001
-9.2640124770282872e-001 -3.1586018460329562e-001 -2.0497090534272044e-001
40
4.0531943372125984e-001
-8.6087914315659458e-002 9.2549960792919050e-001 3.6883512133702029e-001
1.2762795389427704e+000
-9.8994983313084794e-001 -3.7771271546094949e-002 -1.3628154288089692e-001
41
6.3402146372692103e-001
-2.2631428870343276e-001 9.0920160546241069e-001 3.4947715712651989e-001
1.3652176891823262e+000
-9.6422869451355031e-001 -1.5828282955956260e-001 -2.1262542308791008e-001
42
4.6964400187594402e-001
-1.1291968133814874e-002 9.2619972964756303e-001 3.7686410316776819e-001
1.3797129940180586e+000
-9.9045248273636910e-001 4.1424369188955874e-002 -1.3148346313761261e-001
43
3.6452179728703338e-001
-4.2948554859542221e-001 8.4407539565088763e-001 3.2105901327401920e-001
9.5903629072415719e-001
-8.9914197798476880e-001 -3.6654063531395814e-001 -2.3914779131172767e-001
44
3.7688027922622985e-001
-2.4304233066054823e-001 9.0641109326314306e-001 3.4546976063991858e-001
8.9688525358046012e-001
-9.6577960794674733e-001 -1.9286621537675142e-001 -1.7341387441746314e-001
45
5.1114304034352076e-001
-3.1078287847086133e-001 8.8802006754695728e-001 3.3887219136905194e-001
1.0460794065066668e+000
-9.4521831090632491e-001 -2.5128632507629145e-001 -2.0836872979659565e-001
46
5.8567233560918686e-001
-1.4715723748907141e-002 9.2666488833036176e-001 3.7560036236700334e-001
1.7205817558474745e+000
-9.8700021525241088e-001 4.6663347432970723e-002 -1.5379566670763092e-001
47
-3.4437224221235863e-001
-6.0357132679151555e-002 9.2771305564462148e-001 3.6838227823997050e-001
7.9857284993757938e-001
-9.9495634539182443e-001 -2.6293435500217469e-002 -9.6801477334496150e-002
48
7.1536202209924649e-001
8.5721594641152066e-001 -5.0046240419974064e-001 -1.2131860203784355e-001
1.8089344637855393e+000
-4.9989117455558219e-001 -7.5214448340528917e-001 -4.2940364423748367e-001
49
-3.6797233875757585e-001
3.1119304809668444e-002 9.2525334177936669e-001 3.7807121339011984e-001
1.6266616559261640e+000
-9.9060341723241530e-001 7.8950018898436114e-002 -1.1167705352218930e-001
50
-2.4307813486946706e-001
-1.2436905837282637e-002 9.2776137016398452e-001 3.7296670549077271e-001
1.4474799807066636e+000
-9.9465644153419375e-001 2.6752101050629421e-002 -9.9714033134319022e-002
51
3.7201459552513805e-001
-5.4002040571663668e-001 7.9261756490153656e-001 2.8308189136572737e-001
1.0955250990670451e+000
-8.3578229580395358e-001 -4.6535942573591466e-001 -2.9139073234990226e-001
52
5.7396692411128303e-001
7.7737212013273915e-001 -6.0523890202853514e-001 -1.7140145364501405e-001
1.4009763059114195e+000
-6.1723952385859659e-001 -6.8139181012278205e-001 -3.9334535879353139e-001
53
4.9546524045183338e-002
-2.4496140313323878e-001 9.0792586190497204e-001 3.4009489890192152e-001
7.2507269885427728e-001
-9.6637375193750641e-001 -2.0035417409439832e-001 -1.6118305273563410e-001
54
1.0258502227305311e-001
-1.1349809151622667e-001 9.2569292164552319e-001 3.6084733342169717e-001
1.1469549578303249e+000
-9.8898390813786596e-001 -7.0527385260415965e-002 -1.3014114404246682e-001
55
-1.9157260770842277e-001
2.0125229139102549e-001 8.9928309079940327e-001 3.8831358180230324e-001
1.6785165060661189e+000
-9.6443937981168393e-001 2.5125333236686365e-001 -8.2027103100139512e-002
56
1.5236539483351930e-001
1.6661959587123520e-001 9.0625559812980849e-001 3.8850830252401197e-001
1.4732647928565807e+000
-9.7484908107187240e-001 2.1055088857048426e-001 -7.3058828730724890e-002
57
6.6613546366762821e-001
1.2040408180614785e-001 9.1509309464091304e-001 3.8484735314788804e-001
1.7583010422468706e+000
-9.7881934520733760e-001 1.7409272840699661e-001 -1.0772377343783660e-001
58
1.3886543141902574e-001
3.2824687820286393e-002 9.2551104854606292e-001 3.7729542654088477e-001
1.4419561168121020e+000
-9.9215657992536321e-001 7.5730231678035054e-002 -9.9449750732707190e-002
59
8.9996395018295028e-001
8.1120094311191893e-001 -5.5615973317463674e-001 -1.8066372377832218e-001
2.1411162894494056e+000
-5.7598664882747119e-001 -7.0659186554091358e-001 -4.1105634154445347e-001
60
5.8373802590831803e-001
-6.8924296219418701e-001 6.8787952291990451e-001 2.2752121002945452e-001
1.4329707269708454e+000
-7.1722734676636635e-001 -6.0330763525824749e-001 -3.4871884131715603e-001
61
-2.7611314516004992e-001
1.8882158622179163e-001 8.8477520587947212e-001 4.2605075241997215e-001
1.7215212614233297e+000
-9.7202665186468695e-001 2.3010632988409396e-001 -4.7066601874358072e-002
62
6.3021555019529840e-001
-2.0780167879788797e-001 9.1015759341103653e-001 3.5837357247013812e-001
1.4451775929763806e+000
-9.7056226281291225e-001 -1.4624127119492231e-001 -1.9136975885121532e-001
63
-4.6770878588455889e-001
-9.4250371638071956e-002 9.1546847577938273e-001 3.9119603436162176e-001
1.5446098219543605e+000
-9.8141172891025019e-001 -1.9453524864547669e-002 -1.9092558426711237e-001
64
5.8929826724168821e-001
8.3986535716937638e-001 -5.2133929628562581e-001 -1.5110102572505729e-001
8.8063867488014957e-001
-5.3675559923575600e-001 -7.5628210160706033e-001 -3.7407326752639347e-001
65
3.3617026472632344e-001
-2.9718679404862075e-001 8.9401889167543047e-001 3.3527634985268107e-001
8.1388495540640005e-001
-9.5250066126710620e-001 -2.5313045241248155e-001 -1.6931469028757531e-001
66
3.8546085489172194e-001
-4.4853188371473240e-001 8.4120870451775220e-001 3.0197196017987898e-001
8.1584700943996058e-001
-8.9040793161691711e-001 -3.9130524695176239e-001 -2.3249498708940591e-001
67
4.1539846688042337e-002
-2.2650816468827986e-001 9.1191330581817076e-001 3.4221071578973455e-001
8.1008959678398162e-001
-9.7148993460852340e-001 -1.8626533956454866e-001 -1.4667150449637556e-001
68
7.5983251040074107e-001
2.8773805093687897e-002 9.2909790027546524e-001 3.6871284198431664e-001
1.9055928955938755e+000
-9.8233976561892900e-001 9.4507473296291264e-002 -1.6148350496226627e-001
69
9.1224197917210748e-001
5.8527530842637183e-002 9.2249475426210747e-001 3.8154679462990881e-001
1.9685588617794887e+000
-9.7662533805656437e-001 1.3209604492979876e-001 -1.6956881782865041e-001
70
-1.0698862194038494e-001
-1.6320452711134952e-002 9.3438379663055005e-001 3.5589403397301067e-001
1.5304527725996904e+000
-9.8035019257509193e-001 5.5029510790621551e-002 -1.8943403300390618e-001
71
1.0663632465005521e+000
8.2373601737377833e-001 -5.5035142472497356e-001 -1.3628016357628070e-001
1.9400010720097016e+000
-5.4985318777655956e-001 -7.1682065550720064e-001 -4.2875356526818825e-001
72
-4.1841718720766308e-001
-3.3851509796082829e-001 8.7568015497101936e-001 3.4437159383796812e-001
2.2137147521325011e+000
-9.3832072659412724e-001 -2.8674919662397047e-001 -1.9320743329224352e-001
73
7.2533512434897918e-001
-1.1621517222354320e-001 9.1157005215768716e-001 3.9437808477942005e-001
1.6606452441624648e+000
-9.7104326760073023e-001 -2.0832723449717677e-002 -2.3799363453874936e-001
74
9.4683765239230611e-001
4.1363490052948482e-002 8.7973451456347995e-001 4.7366258621132173e-001
1.4127394364583379e+000
-9.8152511505241946e-001 1.2441379070124703e-001 -1.4536043892572986e-001
75
1.1568668823514485e+000
7.3467753146548020e-001 -6.4616383170835878e-001 -2.0669113999337319e-001
1.6134958001575399e+000
-6.5971391153544301e-001 -6.0941521632458651e-001 -4.3976203683203835e-001
76
1.1500742070996641e+000
6.3224213159574016e-001 6.2153717260052077e-001 4.6255965032741975e-001
1.7034681227138275e+000
-7.5554463639524172e-001 6.2678923690878996e-001 1.9049292614078531e-001
77
-6.1120396072583061e-001
-1.0901369743799251e-001 9.1087267475611233e-001 3.9802887351741650e-001
1.0757339958698098e+000
-9.8934668270529535e-001 -6.0555992673963110e-002 -1.3238622727194338e-001
78
8.4201409543898720e-001
-1.4106219157710348e-001 9.1892528028008724e-001 3.6834465839703401e-001
2.2044694211040134e+000
-9.6811010083673443e-001 -5.0230430912629978e-002 -2.4543784644634423e-001
79
7.4742730203897789e-001
-3.4697362882225613e-001 8.8093635973514672e-001 3.2180806546527574e-001
1.6022564610032703e+000
-9.1438989530316583e-001 -2.4144269352177056e-001 -3.2495622030116234e-001
80
-1.0887890027988083e+000
-1.0499176498745299e-002 9.2933095221262763e-001 3.6909856211101488e-001
8.0389569651851445e-001
-9.7991815849022679e-001 6.3941980652914870e-002 -1.8886986464575223e-001
81
5.0560929148125178e-001
8.1811057515806207e-001 -5.5077893673557898e-001 -1.6534101022725661e-001
1.6411762333031419e+000
-5.5614530237690185e-001 -6.8465521460508938e-001 -4.7111531471409762e-001
82
4.1931904102323719e-001
-5.4148173289977952e-001 7.9342070706316969e-001 2.7799481027391859e-001
1.2333990822593359e+000
-8.3805411270460906e-001 -4.8313110759350042e-001 -2.5347512117438359e-001
83
9.7070095546233914e-001
9.3129392848584980e-001 -3.6312648862789015e-001 2.8823116107941332e-002
1.8597250621781465e+000
-3.0550022605498711e-001 -8.2169251977275815e-001 -4.8113513156892573e-001
84
1.0356546412725571e+000
4.6832785893814044e-001 7.8270216324446218e-001 4.0993455599016870e-001
1.8214287549824617e+000
-8.5672563778670996e-001 5.1573804399887424e-001 -5.9541188408187840e-003
85
-1.4144123877353008e+000
-1.2766743570204098e-001 9.1854170149678138e-001 3.7414190953789589e-001
1.0561041385047618e+000
-9.7438936870655335e-001 -4.5752185382171018e-002 -2.2016379285522780e-001
86
6.8288211541778243e-001
9.7982874353859073e-001 -1.8026394591874467e-001 8.6258582978102516e-002
1.5536903208501338e+000
-1.1396366382245597e-001 -8.5861177376563880e-001 -4.9979806450123954e-001
87
9.3328588806924850e-001
1.1412312609995508e-001 8.9749731722827741e-001 4.2599821320895015e-001
7.1292390027269281e+000
-9.6748623805494582e-001 1.9782472898807199e-001 -1.5759364129013531e-001
88
5.9533467409669960e-001
-1.3437538564047405e-001 9.2146512762249522e-001 3.6447945663594333e-001
8.9846921555249644e+000
-9.5936568321284821e-001 -2.8879681607522870e-002 -2.8068389669482818e-001
89
8.9783541265039579e-001
1.9230990310949190e-002 9.2573285522675386e-001 3.7768882663560832e-001
5.4707646257461651e+000
-9.7236713909326189e-001 1.0522414726475462e-001 -2.0839871795188847e-001
90
-8.5188535047831426e-001
-1.8220498341655300e-001 9.3041134343325138e-001 3.1801898690000563e-001
1.4375964278778723e+000
-9.6019464377173180e-001 -9.8722350550471016e-002 -2.6130469489442232e-001
91
-1.2934517203028850e+000
8.5863569612517815e-002 9.1048169410318303e-001 4.0453742980890439e-001
1.7293613206033021e+000
-9.7642540347250428e-001 1.5761186595663157e-001 -1.4748535914871799e-001
92
-6.9805703331466507e-001
-1.0355891882736637e-001 9.1674259809002445e-001 3.8582192677251897e-001
1.3073360911850247e+000
-9.7757870513617673e-001 -2.2308956330468588e-002 -2.0938525672005093e-001
93
-1.9304990937866029e-001
1.7211976678500728e-002 9.1304010646027434e-001 4.0750645621122283e-001
8.2174151822905739e-001
-9.8748390667039054e-001 7.9430033161498853e-002 -1.3625859201880114e-001
94
-4.4868296044552070e-001
-5.6128216895536022e-002 9.1184305182638026e-001 4.0668399538718192e-001
1.7831936758903106e+000
-9.9240155831582233e-001 -6.2818760331397466e-003 -1.2288077590018773e-001
95
-6.9297781224928667e-001
-1.4975363620286780e-001 9.0895405848822264e-001 3.8907116058866109e-001
2.0402966018802129e+000
-9.8516370627911509e-001 -1.0381466495567145e-001 -1.3665645674661292e-001
96
-1.1620521941243047e+000
-8.1544017754658152e-002 9.1390174658083834e-001 3.9766087406849709e-001
1.6175592916223946e+000
-9.9382465590822566e-001 -4.4432996768186322e-002 -1.0167724478512956e-001
97
-7.2839351219945159e-001
3.0924220783535850e-002 9.2097384539842742e-001 3.8839524798967950e-001
1.3061467858730500e+000
-9.9721998410100610e-001 5.4784393201957646e-002 -5.0507163562037299e-002
98
-1.5057761751679744e-001
-9.2514396114732320e-002 9.2909182702172721e-001 3.5809141775942482e-001
4.2631622624172376e+000
-9.9414605494659214e-001 -6.6031426888076505e-002 -8.5518840598147502e-002
99
4.6848859287985434e-001
-8.2144484558820591e-002 9.2324235344580585e-001 3.7533430493416842e-001
6.8710593225254373e+000
-9.9507780173747695e-001 -5.5032646396851903e-002 -8.2411020621454112e-002
100
2.2622929113041168e-001
-5.0902689205600649e-002 9.2121365500203656e-001 3.8571274035145237e-001
1.7350455938425045e+000
-9.9621661375192994e-001 -1.9597160201292228e-002 -8.4666462053655023e-002
101
9.2112291714518868e-001
5.8490396207942097e-001 7.1851713912538928e-001 3.7632496054189868e-001
4.7262487030253268e+000
-8.0740270488355326e-001 5.6004009701183333e-001 1.8562317173698661e-001
102
1.0912111041031782e+000
8.6137074133938407e-001 4.0256955961296814e-001 3.0980347905964678e-001
3.5418622076670836e+000
4.9720918753144211e-001 -7.9306853716812253e-001 -3.5188821973509943e-001
103
1.3201981811456247e+000
6.2222360393867326e-001 6.5697514486640862e-001 4.2570112253708048e-001
3.2316033086415890e+000
-7.7517706276457243e-001 5.9296979210664380e-001 2.1791591729998439e-001
104
2.1283807560225565e-001
8.8449411790156940e-001 -4.5645543489881518e-001 -9.6532851138140280e-002
4.7118410102640755e+000
-4.3863762735843564e-001 -7.4308570751713099e-001 -5.0539159386472499e-001
105
3.5117474642371471e-001
9.5239590042639222e-001 -3.0482556819935908e-001 4.8396097920654912e-003
4.0123829254760182e+000
-2.5771246910579526e-001 -8.1347378906636081e-001 -5.2138726276100433e-001
